0 -19.0 -19.0 0
1 -21.0 -19.02 0
2 -20.0 -19.029799999999998 0
3 -19.0 -19.029502 0
4 -20.0 -19.03920698 0
5 -21.0 -19.0588149102 0
6 -21.0 -19.078226761097998 0
7 -19.0 -19.077444493487018 0
8 -20.0 -19.086670048552147 0
9 -21.0 -19.105803348066626 0.06515337908336344
10 -21.0 -19.12474531458596 0
11 -20.0 -19.1334978614401 0
12 -21.0 -19.152162882825703 0
13 -21.0 -19.170641253997445 0
14 -21.0 -19.18893484145747 0
15 -21.0 -19.207045493042898 0
16 -20.0 -19.214975038112467 0
17 -20.0 -19.222825287731343 0
18 -20.0 -19.23059703485403 0
19 -20.0 -19.238291064505486 0.37152596902931534
20 -20.0 -19.24590815386043 0
21 -21.0 -19.263449072321826 0
22 -21.0 -19.28081458159861 0
23 -21.0 -19.298006435782625 0
24 -21.0 -19.3150263714248 0
25 -21.0 -19.331876107710553 0
26 -20.0 -19.338557346633447 0
27 -20.0 -19.345171773167113 0
28 -21.0 -19.36172005543544 0
29 -21.0 -19.37810285488109 1.2911203387735257
30 -21.0 -19.394321826332277 0
31 -21.0 -19.410378608068957 0
32 -21.0 -19.42627482198827 0
33 -21.0 -19.442012073768385 0
34 -21.0 -19.4575919530307 0
35 -20.0 -19.46301603350039 0
36 -20.0 -19.468385873165385 0
37 -20.0 -19.47370201443373 0
38 -21.0 -19.488964994289393 0
39 -21.0 -19.5040753443465 2.02990840815839
40 -21.0 -19.519034590903036 0
41 -20.0 -19.523844244994006 0
42 -20.0 -19.528605802544064 0
43 -21.0 -19.543319744518623 0
44 -19.0 -19.537886547073438 0
45 -20.0 -19.542507681602704 0
46 -20.0 -19.547082604786677 0
47 -20.0 -19.55161177873881 0
48 -20.0 -19.55609566095142 0
49 -21.0 -19.570534704341906 2.2023225537884255
50 -21.0 -19.58482935729849 0
51 -21.0 -19.598981063725503 0
52 -21.0 -19.61299125308825 0
53 -21.0 -19.62686134055737 0
54 -21.0 -19.640592727151795 0
55 -21.0 -19.65418679988028 0
56 -20.0 -19.657644931881475 0
57 -21.0 -19.67106848256266 0
58 -20.0 -19.674357797737034 0
59 -21.0 -19.687614219759666 2.4322282508332855
60 -21.0 -19.70073807756207 0
61 -21.0 -19.713730696786453 0
62 -21.0 -19.72659338981859 0
63 -21.0 -19.739327455920403 0
64 -21.0 -19.7519341813612 0
65 -20.0 -19.754414839547586 0
66 -20.0 -19.75687069115211 0
67 -20.0 -19.759301984240587 0
68 -21.0 -19.771708964398183 0
69 -21.0 -19.7839918747542 2.7447937718448876
70 -21.0 -19.796151956006657 0
71 -21.0 -19.80819043644659 0
72 -21.0 -19.820108532082127 0
73 -21.0 -19.831907446761306 0
74 -20.0 -19.833588372293693 0
75 -21.0 -19.845252488570758 0
76 -21.0 -19.856799963685052 0
77 -21.0 -19.868231964048203 0
78 -20.0 -19.86954964440772 0
79 -21.0 -19.880854147963642 3.0068654154775643
80 -21.0 -19.892045606484007 0
81 -21.0 -19.903125150419168 0
82 -21.0 -19.914093898914977 0
83 -19.0 -19.90495295992583 0
84 -21.0 -19.915903430326573 0
85 -21.0 -19.926744396023306 0
86 -21.0 -19.937476952063072 0
87 -20.0 -19.93810218254244 0
88 -21.0 -19.948721160717017 0
89 -20.0 -19.949233949109846 3.3312847038449456
90 -21.0 -19.95974160961875 0
91 -21.0 -19.97014419352256 0
92 -21.0 -19.980442751587336 0
93 -21.0 -19.990638324071465 0
94 -21.0 -20.00073194083075 0
95 -20.0 -20.000724621422442 0
96 -21.0 -20.01071737520822 0
97 -21.0 -20.020610201456137 0
98 -21.0 -20.030404099441576 0
99 -20.0 -20.030100058447157 3.632980071725787
100 -19.0 -20.019799057862688 0
101 -21.0 -20.029601067284062 0
102 -21.0 -20.039305056611223 0
103 -21.0 -20.04891200604511 0
104 -21.0 -20.058422885984662 0
105 -21.0 -20.067838657124817 0
106 -21.0 -20.07716027055357 0
107 -21.0 -20.086388667848034 0
108 -20.0 -20.085524781169553 0
109 -21.0 -20.09466953335786 4.222163015719801
110 -21.0 -20.103722838024282 0
111 -21.0 -20.11268560964404 0
112 -21.0 -20.1215587535476 0
113 -20.0 -20.120343166012123 0
114 -21.0 -20.129139734352 0
115 -21.0 -20.13784833700848 0
116 -21.0 -20.146469853638397 0
117 -21.0 -20.155005155102014 0
118 -21.0 -20.163455103550994 0
119 -20.0 -20.161820552515483 4.643776311675074
120 -19.0 -20.15020234699033 0
121 -21.0 -20.158700323520428 0
122 -21.0 -20.167113320285225 0
123 -21.0 -20.175442187082375 0
124 -18.0 -20.15368776521155 0
125 -21.0 -20.162150887559434 0
126 -21.0 -20.17052937868384 0
127 -21.0 -20.178824084897006 0
128 -16.0 -20.137035844048036 0
129 -20.0 -20.135665485607554 5.719561144382074
130 -21.0 -20.144308830751477 0
131 -21.0 -20.152865742443964 0
132 -21.0 -20.161337085019525 0
133 -21.0 -20.16972371416933 0
134 -19.0 -20.158026477027637 0
135 -16.0 -20.11644621225736 0
136 -20.0 -20.115281750134788 0
137 -21.0 -20.12412893263344 0
138 -21.0 -20.132887643307107 0
139 -20.0 -20.131558766874036 6.3363884523655365
140 -21.0 -20.140243179205296 0
141 -21.0 -20.148840747413242 0
142 -20.0 -20.147352339939108 0
143 -21.0 -20.15587881653972 0
144 -21.0 -20.164320028374323 0
145 -21.0 -20.17267682809058 0
146 -20.0 -20.170950059809673 0
147 -21.0 -20.17924055921158 0
148 -21.0 -20.187448153619464 0
149 -21.0 -20.19557367208327 7.289510165445255
150 -20.0 -20.193617935362436 0
151 -21.0 -20.201681756008814 0
152 -21.0 -20.209664938448725 0
153 -21.0 -20.21756828906424 0
154 -21.0 -20.225392606173596 0
155 -21.0 -20.23313868011186 0
156 -21.0 -20.24080729331074 0
157 -21.0 -20.248399220377635 0
158 -21.0 -20.25591522817386 0
159 -21.0 -20.26335607589212 7.414878519835297
160 -21.0 -20.270722515133198 0
161 -20.0 -20.268015289981864 0
162 -20.0 -20.265335137082044 0
163 -20.0 -20.262681785711223 0
164 -20.0 -20.26005496785411 0
165 -19.0 -20.24745441817557 0
166 -19.0 -20.234979873993815 0
167 -20.0 -20.232630075253876 0
168 -19.0 -20.22030377450134 0
169 -21.0 -20.228100736756325 8.48719775349594
170 -21.0 -20.235819729388762 0
171 -21.0 -20.243461532094877 0
172 -21.0 -20.251026916773927 0
173 -20.0 -20.248516647606188 0
174 -21.0 -20.256031481130126 0
175 -21.0 -20.263471166318826 0
176 -20.0 -20.26083645465564 0
177 -21.0 -20.268228090109083 0
178 -21.0 -20.275545809207994 0
179 -21.0 -20.282790351115914 8.900795175905596
180 -21.0 -20.289962447604754 0
181 -21.0 -20.29706282312871 0
182 -21.0 -20.30409219489742 0
183 -20.0 -20.301051272948445 0
184 -21.0 -20.30804076021896 0
185 -21.0 -20.314960352616772 0
186 -21.0 -20.321810749090606 0
187 -21.0 -20.328592641599702 0
188 -21.0 -20.335306715183705 0
189 -21.0 -20.34195364803187 9.108763184100315
190 -21.0 -20.34853411155155 0
191 -20.0 -20.345048770436033 0
192 -21.0 -20.351598282731675 0
193 -20.0 -20.34808229990436 0
194 -21.0 -20.354601476905316 0
195 -21.0 -20.361055462136264 0
196 -21.0 -20.3674449075149 0
197 -21.0 -20.373770458439754 0
198 -21.0 -20.380032753855357 0
199 -21.0 -20.386232426316806 10.768754947085553
200 -21.0 -20.39237010205364 0
201 -21.0 -20.398446401033105 0
202 -21.0 -20.404461937022774 0
203 -21.0 -20.410417317652545 0
204 -20.0 -20.40631314447602 0
205 -21.0 -20.41225001303126 0
206 -21.0 -20.41812751290095 0
207 -21.0 -20.42394623777194 0
208 -19.0 -20.40970677539422 0
209 -20.0 -20.405609707640277 11.014733992593523
210 -21.0 -20.411553610563875 0
211 -21.0 -20.417438074458236 0
212 -20.0 -20.413263693713652 0
213 -21.0 -20.419131056776518 0
214 -21.0 -20.424939746208754 0
215 -21.0 -20.430690348746666 0
216 -21.0 -20.4363834452592 0
217 -21.0 -20.442019610806607 0
218 -21.0 -20.44759941469854 0
219 -21.0 -20.453123420551556 11.098314099382709
220 -21.0 -20.458592186346042 0
221 -21.0 -20.46400626448258 0
222 -20.0 -20.459366201837753 0
223 -20.0 -20.454772539819373 0
224 -21.0 -20.46022481442118 0
225 -21.0 -20.46562256627697 0
226 -21.0 -20.4709663406142 0
227 -20.0 -20.466256677208058 0
228 -21.0 -20.471594110435976 0
229 -21.0 -20.476878169331616 11.245554900605411
230 -21.0 -20.4821093876383 0
231 -21.0 -20.487288293761917 0
232 -20.0 -20.4824154108243 0
233 -17.0 -20.447591256716056 0
234 -21.0 -20.453115344148895 0
235 -21.0 -20.458584190707406 0
236 -21.0 -20.46399834880033 0
237 -21.0 -20.469358365312328 0
238 -21.0 -20.474664781659204 0
239 -21.0 -20.479918133842613 12.150521089760385
240 -21.0 -20.485118952504187 0
241 -21.0 -20.490267762979148 0
242 -21.0 -20.495365085349356 0
243 -21.0 -20.500411434495863 0
244 -20.0 -20.495407320150903 0
245 -21.0 -20.500453246949395 0
246 -19.0 -20.4854487144799 0
247 -21.0 -20.4905942273351 0
248 -21.0 -20.49568828506175 0
249 -21.0 -20.500731402211134 12.346681970724154
250 -21.0 -20.505724088189023 0
251 -21.0 -20.510666847307135 0
252 -21.0 -20.515560178834065 0
253 -21.0 -20.520404577045724 0
254 -21.0 -20.525200531275267 0
255 -21.0 -20.529948525962514 0
256 -21.0 -20.534649040702888 0
257 -20.0 -20.52930255029586 0
258 -19.0 -20.514009524792904 0
259 -20.0 -20.508869429544973 12.993591488310747
260 -21.0 -20.513780735249522 0
261 -19.0 -20.498642927897027 0
262 -21.0 -20.503656498618057 0
263 -21.0 -20.508619933631877 0
264 -21.0 -20.51353373429556 0
265 -21.0 -20.518398396952605 0
266 -21.0 -20.52321441298308 0
267 -21.0 -20.52798226885325 0
268 -21.0 -20.53270244616472 0
269 -21.0 -20.537375421703075 13.205959391505854
270 -21.0 -20.542001667486044 0
271 -20.0 -20.536581650811183 0
272 -20.0 -20.53121583430307 0
273 -21.0 -20.53590367596004 0
274 -19.0 -20.52054463920044 0
275 -20.0 -20.515339192808437 0
276 -21.0 -20.520185800880352 0
277 -21.0 -20.52498394287155 0
278 -21.0 -20.529734103442834 0
279 -21.0 -20.534436762408408 13.319865052205675
280 -21.0 -20.539092394784323 0
281 -21.0 -20.54370147083648 0
282 -21.0 -20.548264456128116 0
283 -21.0 -20.552781811566835 0
284 -21.0 -20.557253993451166 0
285 -21.0 -20.561681453516655 0
286 -21.0 -20.56606463898149 0
287 -21.0 -20.570403992591675 0
288 -21.0 -20.57469995266576 0
289 -21.0 -20.578952953139105 13.377219874602815
290 -21.0 -20.583163423607715 0
291 -21.0 -20.58733178937164 0
292 -21.0 -20.591458471477925 0
293 -21.0 -20.595543886763146 0
294 -21.0 -20.599588447895513 0
295 -21.0 -20.60359256341656 0
296 -21.0 -20.607556637782395 0
297 -21.0 -20.611481071404572 0
298 -21.0 -20.61536626069053 0
299 -21.0 -20.619212598083624 13.516899067793668
300 -21.0 -20.623020472102787 0
301 -21.0 -20.62679026738176 0
302 -21.0 -20.630522364707943 0
303 -21.0 -20.634217141060866 0
304 -21.0 -20.63787496965026 0
305 -21.0 -20.64149621995376 0
306 -21.0 -20.64508125775422 0
307 -20.0 -20.638630445176677 0
308 -21.0 -20.642244140724912 0
309 -21.0 -20.645821699317665 13.967446235642907
310 -21.0 -20.64936348232449 0
311 -21.0 -20.652869847501243 0
312 -21.0 -20.656341149026233 0
313 -21.0 -20.659777737535972 0
314 -21.0 -20.663179960160612 0
315 -21.0 -20.666548160559007 0
316 -21.0 -20.669882678953417 0
317 -21.0 -20.673183852163884 0
318 -21.0 -20.676452013642248 0
319 -21.0 -20.679687493505824 14.019675350151667
320 -21.0 -20.682890618570767 0
321 -21.0 -20.686061712385058 0
322 -21.0 -20.689201095261208 0
323 -20.0 -20.682309084308596 0
324 -21.0 -20.68548599346551 0
325 -21.0 -20.688631133530855 0
326 -21.0 -20.691744822195545 0
327 -21.0 -20.69482737397359 0
328 -20.0 -20.687879100233854 0
329 -21.0 -20.691000309231516 15.120499519212364
330 -21.0 -20.694090306139202 0
331 -17.0 -20.657149403077813 0
332 -21.0 -20.660577909047035 0
333 -21.0 -20.663972129956566 0
334 -21.0 -20.667332408657 0
335 -21.0 -20.67065908457043 0
336 -21.0 -20.673952493724727 0
337 -21.0 -20.67721296878748 0
338 -21.0 -20.680440839099607 0
339 -21.0 -20.68363643070861 15.394790293401861
340 -21.0 -20.686800066401524 0
341 -21.0 -20.68993206573751 0
342 -21.0 -20.693032745080135 0
343 -21.0 -20.696102417629334 0
344 -20.0 -20.68914139345304 0
345 -19.0 -20.672249979518508 0
346 -20.0 -20.665527479723323 0
347 -21.0 -20.668872204926092 0
348 -20.0 -20.66218348287683 0
349 -21.0 -20.66556164804806 15.867204612579064
350 -20.0 -20.65890603156758 0
351 -21.0 -20.662316971251904 0
352 -18.0 -20.635693801539386 0
353 -21.0 -20.639336863523994 0
354 -20.0 -20.632943494888753 0
355 -21.0 -20.636614059939866 0
356 -20.0 -20.630247919340466 0
357 -20.0 -20.62394544014706 0
358 -21.0 -20.627705985745592 0
359 -21.0 -20.631428925888137 15.96347045233164
360 -21.0 -20.635114636629257 0
361 -21.0 -20.638763490262967 0
362 -21.0 -20.64237585536034 0
363 -21.0 -20.645952096806734 0
364 -21.0 -20.649492575838668 0
365 -21.0 -20.65299765008028 0
366 -21.0 -20.656467673579478 0
367 -21.0 -20.659902996843684 0
368 -21.0 -20.663303966875247 0
369 -20.0 -20.656670927206495 15.998959699817483
370 -21.0 -20.660104217934432 0
371 -21.0 -20.66350317575509 0
372 -19.0 -20.64686814399754 0
373 -21.0 -20.650399462557566 0
374 -21.0 -20.653895467931992 0
375 -21.0 -20.657356513252672 0
376 -21.0 -20.660782948120147 0
377 -21.0 -20.664175118638948 0
378 -21.0 -20.66753336745256 0
379 -17.0 -20.630858033778036 16.129568634708807
380 -20.0 -20.624549453440256 0
381 -21.0 -20.628303958905853 0
382 -21.0 -20.632020919316794 0
383 -21.0 -20.635700710123626 0
384 -19.0 -20.61934370302239 0
385 -21.0 -20.62315026599217 0
386 -21.0 -20.62691876333225 0
387 -21.0 -20.63064957569893 0
388 -19.0 -20.61434307994194 0
389 -21.0 -20.61819964914252 16.128997041350907
390 -19.0 -20.602017652651096 0
391 -20.0 -20.595997476124584 0
392 -20.0 -20.590037501363337 0
393 -21.0 -20.594137126349704 0
394 -21.0 -20.59819575508621 0
395 -21.0 -20.60221379753535 0
396 -19.0 -20.586191659559997 0
397 -19.0 -20.570329742964397 0
398 -19.0 -20.554626445534755 0
399 -19.0 -20.53908018107941 16.163370035205702
400 -21.0 -20.543689379268617 0
401 -21.0 -20.54825248547593 0
402 -21.0 -20.552769960621173 0
403 -21.0 -20.557242261014963 0
404 -21.0 -20.561669838404814 0
405 -21.0 -20.566053140020767 0
406 -21.0 -20.57039260862056 0
407 -21.0 -20.574688682534354 0
408 -21.0 -20.57894179570901 0
409 -21.0 -20.583152377751922 16.20536973738433
410 -21.0 -20.587320853974404 0
411 -21.0 -20.59144764543466 0
412 -21.0 -20.595533168980314 0
413 -21.0 -20.59957783729051 0
414 -19.0 -20.583582058917607 0
415 -21.0 -20.58774623832843 0
416 -21.0 -20.591868775945148 0
417 -20.0 -20.585950088185694 0
418 -21.0 -20.590090587303838 0
419 -21.0 -20.594189681430798 16.5934893148571
420 -18.0 -20.56824778461649 0
421 -21.0 -20.572565306770326 0
422 -21.0 -20.576839653702624 0
423 -21.0 -20.581071257165597 0
424 -21.0 -20.585260544593943 0
425 -21.0 -20.589407939148003 0
426 -21.0 -20.593513859756523 0
427 -18.0 -20.56757872115896 0
428 -21.0 -20.57190293394737 0
429 -21.0 -20.5761839046079 16.750832870018755
430 -20.0 -20.570422065561818 0
431 -21.0 -20.5747178449062 0
432 -21.0 -20.57897066645714 0
433 -21.0 -20.583180959792568 0
434 -21.0 -20.587349150194644 0
435 -21.0 -20.591475658692698 0
436 -19.0 -20.57556090210577 0
437 -21.0 -20.579805293084714 0
438 -21.0 -20.584007240153866 0
439 -21.0 -20.588167167752328 16.786154934310975
440 -21.0 -20.592285496074805 0
441 -21.0 -20.59636264111406 0
442 -21.0 -20.60039901470292 0
443 -21.0 -20.604395024555892 0
444 -21.0 -20.608351074310335 0
445 -21.0 -20.612267563567233 0
446 -21.0 -20.61614488793156 0
447 -21.0 -20.619983439052245 0
448 -21.0 -20.623783604661725 0
449 -20.0 -20.617545768615106 19.600092648327443
450 -21.0 -20.621370310928956 0
451 -21.0 -20.62515660781967 0
452 -20.0 -20.61890504174147 0
453 -20.0 -20.612715991324055 0
454 -21.0 -20.616588831410816 0
455 -21.0 -20.62042294309671 0
456 -21.0 -20.624218713665744 0
457 -21.0 -20.62797652652909 0
458 -21.0 -20.6316967612638 0
459 -21.0 -20.63537979365116 20.201178552048308
460 -21.0 -20.63902599571465 0
461 -21.0 -20.642635735757505 0
462 -19.0 -20.62620937839993 0
463 -19.0 -20.609947284615934 0
464 -21.0 -20.613847811769777 0
465 -21.0 -20.61770933365208 0
466 -19.0 -20.60153224031556 0
467 -21.0 -20.605516917912404 0
468 -21.0 -20.60946174873328 0
469 -21.0 -20.613367131245948 20.460144525926385
470 -20.0 -20.607233459933486 0
471 -21.0 -20.611161125334153 0
472 -21.0 -20.615049514080813 0
473 -21.0 -20.618899018940006 0
474 -21.0 -20.622710028750607 0
475 -21.0 -20.6264829284631 0
476 -21.0 -20.63021809917847 0
477 -20.0 -20.623915918186686 0
478 -21.0 -20.62767675900482 0
479 -21.0 -20.631399991414774 20.688097965499978
480 -20.0 -20.625085991500626 0
481 -20.0 -20.61883513158562 0
482 -21.0 -20.622646780269765 0
483 -20.0 -20.616420312467067 0
484 -21.0 -20.620256109342396 0
485 -20.0 -20.61405354824897 0
486 -20.0 -20.60791301276648 0
487 -21.0 -20.611833882638816 0
488 -20.0 -20.605715543812426 0
489 -21.0 -20.609658388374303 21.626722449833313
490 -19.0 -20.593561804490562 0
491 -21.0 -20.59762618644566 0
492 -17.0 -20.561649924581204 0
493 -20.0 -20.55603342533539 0
494 -21.0 -20.560473091082034 0
495 -21.0 -20.564868360171214 0
496 -21.0 -20.569219676569503 0
497 -21.0 -20.573527479803808 0
498 -21.0 -20.57779220500577 0
499 -21.0 -20.582014282955715 21.67938819881584
