0 -20.0 -20.0 0
1 -20.0 -20.0 0
2 -21.0 -20.01 0
3 -21.0 -20.019900000000003 0
4 -20.0 -20.019701 0
5 -21.0 -20.029503990000002 0
6 -21.0 -20.039208950100004 0.07249206415823813
7 -20.0 -20.038816860599002 0
8 -20.0 -20.038428691993012 0
9 -21.0 -20.04804440507308 0
10 -21.0 -20.057563961022353 0
11 -20.0 -20.056988321412128 0
12 -21.0 -20.066418438198006 0
13 -21.0 -20.075754253816026 0.09762157258203322
14 -21.0 -20.084996711277867 0
15 -21.0 -20.09414674416509 0
16 -19.0 -20.08320527672344 0
17 -20.0 -20.082373223956203 0
18 -20.0 -20.08154949171664 0
19 -21.0 -20.090733996799475 0
20 -21.0 -20.099826656831482 0.12797973771777393
21 -21.0 -20.108828390263167 0
22 -19.0 -20.097740106360536 0
23 -17.0 -20.06676270529693 0
24 -20.0 -20.06609507824396 0
25 -21.0 -20.075434127461524 0
26 -20.0 -20.07467978618691 0
27 -20.0 -20.07393298832504 0.1657050431909697
28 -21.0 -20.08319365844179 0
29 -19.0 -20.072361721857373 0
30 -19.0 -20.0616381046388 0
31 -21.0 -20.071021723592413 0
32 -21.0 -20.080311506356487 0
33 -21.0 -20.089508391292924 0
34 -21.0 -20.098613307379996 0.2014159323934126
35 -21.0 -20.107627174306195 0
36 -20.0 -20.106550902563132 0
37 -21.0 -20.1154853935375 0
38 -20.0 -20.114330539602125 0
39 -21.0 -20.123187234206103 0
40 -20.0 -20.121955361864043 0
41 -20.0 -20.120735808245403 0.312339874182978
42 -21.0 -20.12952845016295 0
43 -21.0 -20.138233165661322 0
44 -19.0 -20.12685083400471 0
45 -19.0 -20.115582325664665 0
46 -21.0 -20.124426502408017 0
47 -21.0 -20.133182237383938 0
48 -20.0 -20.1318504150101 0.35289731785459777
49 -21.0 -20.14053191086 0
50 -20.0 -20.1391265917514 0
51 -21.0 -20.147735325833885 0
52 -19.0 -20.136257972575546 0
53 -21.0 -20.14489539284979 0
54 -21.0 -20.153446438921293 0
55 -21.0 -20.16191197453208 0.38541977013456424
56 -21.0 -20.170292854786762 0
57 -19.0 -20.158589926238896 0
58 -21.0 -20.167004026976507 0
59 -20.0 -20.16533398670674 0
60 -20.0 -20.163680646839673 0
61 -21.0 -20.172043840371277 0
62 -21.0 -20.180323401967566 0.41520630948398035
63 -20.0 -20.17852016794789 0
64 -21.0 -20.186734966268414 0
65 -20.0 -20.18486761660573 0
66 -21.0 -20.19301894043967 0
67 -21.0 -20.201088751035275 0
68 -20.0 -20.19907786352492 0
69 -20.0 -20.19708708488967 0.4879846529084035
70 -20.0 -20.195116214040773 0
71 -17.0 -20.163165051900368 0
72 -19.0 -20.151533401381364 0
73 -19.0 -20.140018067367553 0
74 -21.0 -20.148617886693877 0
75 -20.0 -20.147131707826937 0
76 -21.0 -20.155660390748668 0.6042068839571308
77 -21.0 -20.16410378684118 0
78 -21.0 -20.17246274897277 0
79 -21.0 -20.180738121483042 0
80 -20.0 -20.17893074026821 0
81 -21.0 -20.18714143286553 0
82 -20.0 -20.185270018536876 0
83 -21.0 -20.193417318351507 0.6136122085177665
84 -21.0 -20.20148314516799 0
85 -21.0 -20.20946831371631 0
86 -21.0 -20.21737363057915 0
87 -20.0 -20.215199894273358 0
88 -20.0 -20.21304789533062 0
89 -21.0 -20.220917416377315 0
90 -20.0 -20.21870824221354 0.6504524839852285
91 -21.0 -20.226521159791407 0
92 -19.0 -20.214255948193493 0
93 -19.0 -20.20211338871156 0
94 -20.0 -20.200092254824444 0
95 -19.0 -20.1880913322762 0
96 -21.0 -20.19621041895344 0
97 -21.0 -20.20424831476391 0.7133740598132112
98 -20.0 -20.20220583161627 0
99 -21.0 -20.210183773300106 0
100 -18.0 -20.188081935567105 0
101 -19.0 -20.176201116211434 0
102 -21.0 -20.18443910504932 0
103 -18.0 -20.16259471399883 0
104 -21.0 -20.17096876685884 0.7316379548106071
105 -21.0 -20.179259079190253 0
106 -20.0 -20.17746648839835 0
107 -20.0 -20.175691823514363 0
108 -21.0 -20.18393490527922 0
109 -20.0 -20.182095556226425 0
110 -21.0 -20.19027460066416 0
111 -20.0 -20.188371854657518 0.7680163238130293
112 -21.0 -20.196488136110943 0
113 -21.0 -20.204523254749834 0
114 -21.0 -20.212478022202337 0
115 -21.0 -20.220353241980312 0
116 -21.0 -20.22814970956051 0
117 -21.0 -20.235868212464904 0
118 -21.0 -20.243509530340255 0.8052693374024168
119 -20.0 -20.24107443503685 0
120 -21.0 -20.24866369068648 0
121 -20.0 -20.246177053779615 0
122 -21.0 -20.25371528324182 0
123 -21.0 -20.2611781304094 0
124 -20.0 -20.25856634910531 0
125 -21.0 -20.265980685614256 0.8508183816994556
126 -21.0 -20.273320878758113 0
127 -20.0 -20.27058766997053 0
128 -20.0 -20.267881793270824 0
129 -19.0 -20.25520297533812 0
130 -20.0 -20.252650945584737 0
131 -21.0 -20.26012443612889 0
132 -19.0 -20.247523191767602 0.8699585501112578
133 -21.0 -20.255047959849925 0
134 -20.0 -20.252497480251424 0
135 -21.0 -20.25997250544891 0
136 -19.0 -20.24737278039442 0
137 -21.0 -20.254899052590478 0
138 -21.0 -20.262350062064574 0
139 -20.0 -20.259726561443927 0.9063034877105045
140 -21.0 -20.267129295829488 0
141 -21.0 -20.274458002871192 0
142 -20.0 -20.27171342284248 0
143 -21.0 -20.278996288614056 0
144 -19.0 -20.266206325727918 0
145 -21.0 -20.27354426247064 0
146 -21.0 -20.280808819845934 0.9362341013866664
147 -21.0 -20.288000731647475 0
148 -21.0 -20.295120724331 0
149 -20.0 -20.29216951708769 0
150 -21.0 -20.299247821916815 0
151 -21.0 -20.306255343697647 0
152 -21.0 -20.313192790260672 0
153 -21.0 -20.320060862358066 0.9619356971903167
154 -21.0 -20.326860253734484 0
155 -19.0 -20.31359165119714 0
156 -19.0 -20.30045573468517 0
157 -21.0 -20.30745117733832 0
158 -21.0 -20.314376665564936 0
159 -21.0 -20.321232898909287 0
160 -21.0 -20.328020569920195 0.9958284961578672
161 -21.0 -20.334740364220995 0
162 -19.0 -20.321392960578788 0
163 -21.0 -20.328179030973 0
164 -20.0 -20.32489724066327 0
165 -20.0 -20.321648268256634 0
166 -21.0 -20.328431785574068 0
167 -19.0 -20.31514746771833 1.0231074594084446
168 -21.0 -20.321995993041146 0
169 -21.0 -20.328776033110735 0
170 -21.0 -20.335488272779628 0
171 -21.0 -20.34213339005183 0
172 -20.0 -20.338712056151312 0
173 -21.0 -20.3453249355898 0
174 -20.0 -20.3418716862339 1.035198237569417
175 -21.0 -20.348452969371564 0
176 -21.0 -20.35496843967785 0
177 -20.0 -20.35141875528107 0
178 -17.0 -20.31790456772826 0
179 -21.0 -20.32472552205098 0
180 -21.0 -20.33147826683047 0
181 -21.0 -20.338163484162166 1.062001820559327
182 -21.0 -20.344781849320544 0
183 -20.0 -20.341334030827337 0
184 -18.0 -20.317920690519063 0
185 -19.0 -20.304741483613874 0
186 -19.0 -20.291694068777737 0
187 -21.0 -20.29877712808996 0
188 -20.0 -20.29578935680906 1.087928109139491
189 -21.0 -20.30283146324097 0
190 -21.0 -20.309803148608562 0
191 -21.0 -20.316705117122478 0
192 -20.0 -20.313538065951253 0
193 -21.0 -20.32040268529174 0
194 -20.0 -20.317198658438823 0
195 -21.0 -20.324026671854437 1.1339217258422276
196 -21.0 -20.330786405135893 0
197 -21.0 -20.337478541084533 0
198 -20.0 -20.334103755673688 0
199 -20.0 -20.33076271811695 0
200 -21.0 -20.337455090935784 0
201 -18.0 -20.314080540026424 0
202 -21.0 -20.32093973462616 1.1801473635606554
203 -21.0 -20.327730337279903 0
204 -21.0 -20.334453033907103 0
205 -19.0 -20.321108503568034 0
206 -21.0 -20.327897418532356 0
207 -21.0 -20.334618444347033 0
208 -21.0 -20.341272259903562 0
209 -21.0 -20.347859537304526 1.196566934476005
210 -21.0 -20.35438094193148 0
211 -21.0 -20.360837132512167 0
212 -21.0 -20.367228761187047 0
213 -21.0 -20.373556473575178 0
214 -21.0 -20.379820908839427 0
215 -21.0 -20.386022699751035 0
216 -20.0 -20.382162472753524 1.2093875272679164
217 -21.0 -20.38834084802599 0
218 -21.0 -20.394457439545732 0
219 -21.0 -20.400512865150276 0
220 -21.0 -20.406507736498774 0
221 -20.0 -20.402442659133786 0
222 -18.0 -20.378418232542447 0
223 -21.0 -20.384634050217024 1.2306590445341559
224 -20.0 -20.380787709714852 0
225 -20.0 -20.376979832617703 0
226 -21.0 -20.383210034291526 0
227 -19.0 -20.369377933948613 0
228 -21.0 -20.37568415460913 0
229 -21.0 -20.381927313063038 0
230 -21.0 -20.38810803993241 1.2553257513048006
231 -21.0 -20.394226959533086 0
232 -21.0 -20.400284689937756 0
233 -19.0 -20.38628184303838 0
234 -21.0 -20.392419024607996 0
235 -20.0 -20.388494834361914 0
236 -21.0 -20.394609886018294 0
237 -21.0 -20.400663787158113 1.2848322794559255
238 -21.0 -20.40665714928653 0
239 -20.0 -20.402590577793664 0
240 -21.0 -20.40856467201573 0
241 -21.0 -20.414479025295574 0
242 -21.0 -20.420334235042617 0
243 -21.0 -20.426130892692193 0
244 -21.0 -20.43186958376527 1.3064533629085984
245 -21.0 -20.437550887927618 0
246 -20.0 -20.43317537904834 0
247 -21.0 -20.438843625257856 0
248 -20.0 -20.434455189005277 0
249 -21.0 -20.440110637115225 0
250 -21.0 -20.445709530744075 0
251 -21.0 -20.451252435436636 1.3253027900731655
252 -21.0 -20.45673991108227 0
253 -21.0 -20.46217251197145 0
254 -21.0 -20.467550786851735 0
255 -21.0 -20.472875278983217 0
256 -20.0 -20.468146526193383 0
257 -21.0 -20.47346506093145 0
258 -20.0 -20.468730410322134 1.3553903127368734
259 -21.0 -20.474043106218915 0
260 -21.0 -20.479302675156728 0
261 -21.0 -20.48450964840516 0
262 -20.0 -20.479664551921108 0
263 -21.0 -20.4848679064019 0
264 -21.0 -20.490019227337882 0
265 -21.0 -20.495119035064505 1.3727269199985377
266 -20.0 -20.49016784471386 0
267 -20.0 -20.48526616626672 0
268 -21.0 -20.490413504604053 0
269 -21.0 -20.495509369558015 0
270 -19.0 -20.480554275862435 0
271 -19.0 -20.465748733103812 0
272 -20.0 -20.461091245772774 1.4099019731836462
273 -19.0 -20.446480333315048 0
274 -19.0 -20.4320155299819 0
275 -21.0 -20.437695374682082 0
276 -19.0 -20.423318420935264 0
277 -21.0 -20.42908523672591 0
278 -21.0 -20.434794384358653 0
279 -21.0 -20.440446440515068 1.449265658286821
280 -20.0 -20.436041976109916 0
281 -21.0 -20.44168155634882 0
282 -20.0 -20.43726474078533 0
283 -21.0 -20.442892093377477 0
284 -21.0 -20.448463172443702 0
285 -20.0 -20.443978540719264 0
286 -21.0 -20.449538755312073 1.5515862969179215
287 -20.0 -20.445043367758952 0
288 -21.0 -20.450592934081364 0
289 -21.0 -20.45608700474055 0
290 -19.0 -20.441526134693145 0
291 -21.0 -20.447110873346215 0
292 -20.0 -20.442639764612753 0
293 -18.0 -20.418213366966626 1.5604289202923718
294 -21.0 -20.42403123329696 0
295 -21.0 -20.429790920963992 0
296 -21.0 -20.435493011754353 0
297 -21.0 -20.44113808163681 0
298 -19.0 -20.426726700820446 0
299 -20.0 -20.42245943381224 0
300 -21.0 -20.42823483947412 1.5782995330406715
301 -19.0 -20.413952491079378 0
302 -18.0 -20.389812966168584 0
303 -20.0 -20.3859148365069 0
304 -18.0 -20.36205568814183 0
305 -21.0 -20.368435131260412 0
306 -20.0 -20.36475077994781 0
307 -20.0 -20.36110327214833 1.5954499721848088
308 -20.0 -20.357492239426847 0
309 -20.0 -20.35391731703258 0
310 -20.0 -20.35037814386225 0
311 -21.0 -20.35687436242363 0
312 -21.0 -20.363305618799394 0
313 -19.0 -20.349672562611403 0
314 -21.0 -20.35617583698529 1.6255421801450778
315 -21.0 -20.362614078615437 0
316 -20.0 -20.35898793782928 0
317 -21.0 -20.36539805845099 0
318 -21.0 -20.37174407786648 0
319 -20.0 -20.368026637087816 0
320 -21.0 -20.37434637071694 0
321 -21.0 -20.38060290700977 1.633121070682123
322 -20.0 -20.37679687793967 0
323 -21.0 -20.383028909160277 0
324 -21.0 -20.389198620068676 0
325 -21.0 -20.39530663386799 0
326 -21.0 -20.40135356752931 0
327 -19.0 -20.387340031854016 0
328 -20.0 -20.383466631535477 1.652322728345221
329 -20.0 -20.37963196522012 0
330 -21.0 -20.38583564556792 0
331 -21.0 -20.39197728911224 0
332 -19.0 -20.37805751622112 0
333 -21.0 -20.384276941058907 0
334 -21.0 -20.39043417164832 0
335 -20.0 -20.386529829931835 1.663259184944879
336 -20.0 -20.382664531632514 0
337 -20.0 -20.378837886316187 0
338 -21.0 -20.385049507453026 0
339 -18.0 -20.361199012378496 0
340 -20.0 -20.35758702225471 0
341 -21.0 -20.364011152032162 0
342 -21.0 -20.37037104051184 1.6796899806704912
343 -21.0 -20.376667330106724 0
344 -20.0 -20.372900656805655 0
345 -21.0 -20.3791716502376 0
346 -21.0 -20.385379933735223 0
347 -21.0 -20.39152613439787 0
348 -20.0 -20.38761087305389 0
349 -21.0 -20.39373476432335 1.712316617518747
350 -20.0 -20.389797416680118 0
351 -21.0 -20.39589944251332 0
352 -21.0 -20.401940448088187 0
353 -21.0 -20.407921043607306 0
354 -21.0 -20.413841833171233 0
355 -19.0 -20.39970341483952 0
356 -21.0 -20.40570638069113 1.761471988120785
357 -21.0 -20.41164931688422 0
358 -21.0 -20.417532823715376 0
359 -18.0 -20.393357495478224 0
360 -20.0 -20.38942392052344 0
361 -21.0 -20.39552968131821 0
362 -21.0 -20.40157438450503 0
363 -21.0 -20.40755864065998 1.833433947366084
364 -21.0 -20.41348305425338 0
365 -20.0 -20.409348223710847 0
366 -20.0 -20.405254741473737 0
367 -19.0 -20.391202194059 0
368 -21.0 -20.397290172118414 0
369 -20.0 -20.39331727039723 0
370 -21.0 -20.399384097693257 1.8427155836375282
371 -21.0 -20.405390256716327 0
372 -20.0 -20.401336354149162 0
373 -21.0 -20.40732299060767 0
374 -20.0 -20.403249760701595 0
375 -21.0 -20.40921726309458 0
376 -20.0 -20.40512509046363 0
377 -21.0 -20.411073839558995 1.8792967823764928
378 -21.0 -20.416963101163404 0
379 -20.0 -20.41279347015177 0
380 -21.0 -20.418665535450252 0
381 -21.0 -20.42447888009575 0
382 -20.0 -20.420234091294795 0
383 -19.0 -20.406031750381846 0
384 -20.0 -20.401971432878028 1.9013182372075164
385 -21.0 -20.40795171854925 0
386 -21.0 -20.41387220136376 0
387 -21.0 -20.41973347935012 0
388 -21.0 -20.42553614455662 0
389 -21.0 -20.431280783111056 0
390 -21.0 -20.436967975279945 0
391 -21.0 -20.442598295527144 1.914470493124047
392 -20.0 -20.438172312571872 0
393 -20.0 -20.433790589446154 0
394 -19.0 -20.419452683551693 0
395 -21.0 -20.425258156716176 0
396 -20.0 -20.421005575149014 0
397 -20.0 -20.41679551939752 0
398 -21.0 -20.422627564203548 1.9366659007505196
399 -18.0 -20.398401288561512 0
400 -21.0 -20.404417275675897 0
401 -21.0 -20.410373102919138 0
402 -21.0 -20.416269371889946 0
403 -21.0 -20.422106678171048 0
404 -21.0 -20.42788561138934 0
405 -21.0 -20.433606755275445 1.9852980671883325
406 -21.0 -20.43927068772269 0
407 -20.0 -20.434877980845464 0
408 -21.0 -20.44052920103701 0
409 -21.0 -20.44612390902664 0
410 -21.0 -20.451662669936372 0
411 -21.0 -20.45714604323701 0
412 -21.0 -20.462574582804642 2.016987170964568
413 -20.0 -20.457948836976595 0
414 -19.0 -20.44336934860683 0
415 -21.0 -20.44893565512076 0
416 -21.0 -20.454446298569554 0
417 -21.0 -20.45990183558386 0
418 -21.0 -20.46530281722802 0
419 -20.0 -20.46064978905574 2.045628036200915
420 -18.0 -20.43604329116518 0
421 -20.0 -20.431682858253527 0
422 -21.0 -20.437366029670994 0
423 -19.0 -20.422992369374285 0
424 -21.0 -20.428762445680544 0
425 -21.0 -20.434474821223738 0
426 -21.0 -20.440130073011503 2.0594946344729443
427 -21.0 -20.445728772281388 0
428 -21.0 -20.451271484558575 0
429 -21.0 -20.45675876971299 0
430 -20.0 -20.45219118201586 0
431 -18.0 -20.4276692701957 0
432 -21.0 -20.433392577493745 0
433 -20.0 -20.429058651718808 2.0927439236527126
434 -21.0 -20.43476806520162 0
435 -19.0 -20.420420384549605 0
436 -19.0 -20.40621618070411 0
437 -20.0 -20.40215401889707 0
438 -20.0 -20.398132478708096 0
439 -21.0 -20.404151153921017 0
440 -21.0 -20.41010964238181 2.1592897780343914
441 -21.0 -20.41600854595799 0
442 -21.0 -20.42184846049841 0
443 -21.0 -20.427629975893428 0
444 -20.0 -20.423353676134493 0
445 -21.0 -20.429120139373147 0
446 -21.0 -20.434828937979415 0
447 -20.0 -20.43048064859962 2.167481222069986
448 -21.0 -20.436175842113624 0
449 -18.0 -20.411814083692487 0
450 -19.0 -20.397695942855563 0
451 -21.0 -20.40371898342701 0
452 -20.0 -20.399681793592737 0
453 -21.0 -20.40568497565681 0
454 -21.0 -20.411628125900243 2.173786620668641
455 -20.0 -20.407511844641242 0
456 -20.0 -20.40343672619483 0
457 -20.0 -20.399402358932882 0
458 -20.0 -20.395408335343554 0
459 -19.0 -20.381454251990117 0
460 -20.0 -20.377639709470216 0
461 -21.0 -20.383863312375514 2.213649192540472
462 -20.0 -20.380024679251758 0
463 -20.0 -20.37622443245924 0
464 -21.0 -20.382462188134646 0
465 -21.0 -20.3886375662533 0
466 -21.0 -20.394751190590767 0
467 -21.0 -20.40080367868486 0
468 -21.0 -20.40679564189801 2.2443449044644703
469 -21.0 -20.41272768547903 0
470 -21.0 -20.41860040862424 0
471 -20.0 -20.414414404537997 0
472 -21.0 -20.420270260492618 0
473 -20.0 -20.41606755788769 0
474 -21.0 -20.421906882308814 0
475 -21.0 -20.427687813485726 2.268797070329348
476 -21.0 -20.433410935350867 0
477 -20.0 -20.429076825997356 0
478 -18.0 -20.404786057737383 0
479 -21.0 -20.410738197160008 0
480 -20.0 -20.406630815188407 0
481 -21.0 -20.412564507036524 0
482 -21.0 -20.41843886196616 2.2733300799465326
483 -21.0 -20.424254473346497 0
484 -21.0 -20.430011928613034 0
485 -20.0 -20.425711809326902 0
486 -21.0 -20.431454691233633 0
487 -18.0 -20.407140144321296 0
488 -21.0 -20.413068742878085 0
489 -21.0 -20.418938055449306 2.285281450273612
490 -19.0 -20.404748674894815 0
491 -19.0 -20.39070118814587 0
492 -20.0 -20.38679417626441 0
493 -20.0 -20.382926234501763 0
494 -21.0 -20.389096972156747 0
495 -20.0 -20.38520600243518 0
496 -21.0 -20.391353942410827 2.2990183744197985
497 -20.0 -20.38744040298672 0
498 -21.0 -20.393565998956852 0
499 -21.0 -20.399630338967285 0
