0 1.0 1.0 0
1 -11.0 0.88 0
2 -12.0 0.7512 0
3 4.0 0.783688 0
4 -9.0 0.68585112 0
5 3.0 0.7089926088 0
6 8.0 0.781902682712 0.5191465326369097
7 -1.0 0.76408365588488 0
8 -4.0 0.7164428193260312 0
9 -12.0 0.5892783911327708 0
10 -4.0 0.543385607221443 0
11 -10.0 0.4379517511492286 0
12 -1.0 0.4235722336377363 0
13 10.0 0.5193365113013589 2.4173200603100047
14 2.0 0.5341431461883454 0
15 -7.0 0.45880171472646186 0
16 -13.0 0.3242136975791972 0
17 -1.0 0.31097156060340525 0
18 1.0 0.3178618449973712 0
19 -8.0 0.23468322654739748 0
20 -7.0 0.1623363942819235 3.265327961035294
21 -5.0 0.11071303033910428 0
22 4.0 0.14960590003571322 0
23 -1.0 0.1381098410353561 0
24 -7.0 0.06672874262500253 0
25 -2.0 0.0460614551987525 0
26 -7.0 -0.024399159353235028 0
27 7.0 0.045844832240297326 5.158976859128552
28 -10.0 -0.05461361608210565 0
29 -10.0 -0.1540674799212846 0
30 -14.0 -0.29252680512207174 0
31 2.0 -0.269601537070851 0
32 -9.0 -0.35690552170014245 0
33 -13.0 -0.48333646648314105 0
34 8.0 -0.3985031018183096 9.054074622322068
35 -6.0 -0.4545180708001265 0
36 -4.0 -0.48997289009212525 0
37 -5.0 -0.535073161191204 0
38 -12.0 -0.6497224295792919 0
39 -3.0 -0.673225205283499 0
40 -7.0 -0.7364929532306641 0
41 -6.0 -0.7891280236983576 9.92776556283343
42 -11.0 -0.8912367434613739 0
43 -6.0 -0.9423243760267601 0
44 -13.0 -1.0629011322664925 0
45 -14.0 -1.1922721209438274 0
46 -13.0 -1.3103493997343891 0
47 -4.0 -1.3372459057370452 0
48 -15.0 -1.4738734466796746 10.087388600395787
49 -7.0 -1.5291347122128778 0
50 -11.0 -1.6238433650907491 0
51 -2.0 -1.6276049314398415 0
52 -10.0 -1.711328882125443 0
53 -7.0 -1.7642155933041888 0
54 1.0 -1.7365734373711468 0
55 -9.0 -1.8092077029974354 11.339541442254424
56 -5.0 -1.841115625967461 0
57 2.0 -1.8027044697077863 0
58 -1.0 -1.7946774250107085 0
59 -3.0 -1.8067306507606014 0
60 -11.0 -1.8986633442529954 0
61 -12.0 -1.9996767108104656 0
62 -9.0 -2.069679943702361 12.277369173518494
63 -12.0 -2.1689831442653373 0
64 -1.0 -2.157293312822684 0
65 -5.0 -2.1857203796944566 0
66 -5.0 -2.213863175897512 0
67 -7.0 -2.2617245441385365 0
68 -12.0 -2.3591072986971513 0
69 -3.0 -2.3655162257101794 12.625394200272947
70 -8.0 -2.4218610634530777 0
71 3.0 -2.367642452818547 0
72 -6.0 -2.4039660282903617 0
73 -9.0 -2.469926368007458 0
74 -6.0 -2.5052271043273833 0
75 -5.0 -2.5301748332841094 0
76 -4.0 -2.544873084951268 14.08743811489179
77 -11.0 -2.6294243541017552 0
78 -19.0 -2.7931301105607376 0
79 -5.0 -2.81519880945513 0
80 1.0 -2.777046821360579 0
81 -6.0 -2.809276353146973 0
82 -7.0 -2.8511835896155033 0
83 -10.0 -2.9226717537193485 15.446778825250185
84 2.0 -2.873445036182155 0
85 -11.0 -2.954710585820333 0
86 -8.0 -3.0051634799621296 0
87 -10.0 -3.0751118451625086 0
88 -9.0 -3.1343607267108835 0
89 -4.0 -3.143017119443775 0
90 -12.0 -3.2315869482493373 15.46596206005939
91 -10.0 -3.2992710787668442 0
92 -5.0 -3.3162783679791756 0
93 -9.0 -3.373115584299384 0
94 -7.0 -3.4093844284563897 0
95 -12.0 -3.495290584171826 0
96 -7.0 -3.5303376783301075 0
97 -1.0 -3.505034301546806 17.80258013476132
98 -1.0 -3.4799839585313377 0
99 1.0 -3.4351841189460246 0
100 4.0 -3.3608322777565642 0
101 -3.0 -3.3572239549789984 0
102 -14.0 -3.4636517154292084 0
103 -6.0 -3.4890151982749162 0
104 -4.0 -3.494125046292167 19.534575815652037
105 -5.0 -3.509183795829245 0
106 -7.0 -3.544091957870952 0
107 1.0 -3.498651038292243 0
108 -1.0 -3.47366452790932 0
109 -8.0 -3.518927882630227 0
110 -5.0 -3.5337386038039242 0
111 -1.0 -3.5084012177658845 20.54949909405219
112 -9.0 -3.5633172055882256 0
113 -12.0 -3.6476840335323435 0
114 -3.0 -3.64120719319702 0
115 -9.0 -3.6947951212650496 0
116 -11.0 -3.767847170052399 0
117 3.0 -3.700168698351875 0
118 -2.0 -3.6831670113683566 21.756622172692992
119 -8.0 -3.726335341254673 0
120 -6.0 -3.7490719878421266 0
121 -3.0 -3.741581267963705 0
122 -2.0 -3.724165455284068 0
123 -17.0 -3.856923800731227 0
124 -9.0 -3.9083545627239147 0
125 -14.0 -4.009271017096675 22.874103726512423
126 6.0 -3.9091783069257082 0
127 -8.0 -3.9500865238564513 0
128 -15.0 -4.060585658617887 0
129 -5.0 -4.069979802031708 0
130 -11.0 -4.139280004011391 0
131 -9.0 -4.187887203971276 0
132 -9.0 -4.236008331931563 23.06531260693888
133 -3.0 -4.223648248612248 0
134 -19.0 -4.371411766126126 0
135 -11.0 -4.437697648464865 0
136 -5.0 -4.443320671980216 0
137 -7.0 -4.468887465260415 0
138 -11.0 -4.534198590607811 0
139 -11.0 -4.598856604701733 23.334712415528355
140 -5.0 -4.602868038654715 0
141 -6.0 -4.616839358268168 0
142 -15.0 -4.720670964685486 0
143 -8.0 -4.753464255038631 0
144 -11.0 -4.815929612488246 0
145 -3.0 -4.797770316363363 0
146 -9.0 -4.839792613199729 23.451295606100903
147 -8.0 -4.871394687067732 0
148 -13.0 -4.952680740197055 0
149 5.0 -4.853153932795085 0
150 -13.0 -4.934622393467134 0
151 -1.0 -4.895276169532462 0
152 1.0 -4.8363234078371375 0
153 -2.0 -4.807960173758766 23.59455392792863
154 -11.0 -4.869880572021179 0
155 -12.0 -4.941181766300967 0
156 -12.0 -5.011769948637958 0
157 -5.0 -5.011652249151578 0
158 -1.0 -4.971535726660062 0
159 -3.0 -4.951820369393462 0
160 -8.0 -4.982302165699528 24.76955719750165
161 -7.0 -5.002479144042533 0
162 -6.0 -5.012454352602107 0
163 9.0 -4.872329809076086 0
164 9.0 -4.733606510985325 0
165 -10.0 -4.786270445875472 0
166 -7.0 -4.808407741416717 0
167 -5.0 -4.81032366400255 25.3709927981936
168 -3.0 -4.792220427362525 0
169 -11.0 -4.8542982230889 0
170 -3.0 -4.835755240858012 0
171 -3.0 -4.817397688449431 0
172 -9.0 -4.859223711564937 0
173 -6.0 -4.870631474449287 0
174 -6.0 -4.881925159704794 26.97316663425401
175 -10.0 -4.933105908107746 0
176 -5.0 -4.933774849026668 0
177 -5.0 -4.934437100536401 0
178 -8.0 -4.965092729531038 0
179 -11.0 -5.0254418022357275 0
180 -11.0 -5.085187384213371 0
181 -7.0 -5.104335510371238 27.961966756171066
182 -3.0 -5.083292155267525 0
183 -2.0 -5.052459233714849 0
184 -4.0 -5.041934641377701 0
185 -10.0 -5.091515294963923 0
186 4.0 -5.000600142014283 0
187 -7.0 -5.020594140594141 0
188 -13.0 -5.100388199188199 28.912427242428876
189 -15.0 -5.199384317196317 0
190 -2.0 -5.167390474024354 0
191 -5.0 -5.16571656928411 0
192 -7.0 -5.184059403591269 0
193 -13.0 -5.262218809555357 0
194 -8.0 -5.289596621459803 0
195 -2.0 -5.256700655245204 28.99241490375316
196 -6.0 -5.264133648692752 0
197 -5.0 -5.261492312205824 0
198 -7.0 -5.278877389083767 0
199 7.0 -5.156088615192928 0
200 -3.0 -5.134527729040999 0
201 -10.0 -5.183182451750589 0
202 -11.0 -5.241350627233084 29.23182108017873
203 -14.0 -5.328937120960752 0
204 -15.0 -5.425647749751145 0
205 -7.0 -5.441391272253634 0
206 2.0 -5.366977359531099 0
207 -7.0 -5.383307585935788 0
208 -10.0 -5.42947451007643 0
209 -10.0 -5.475179764975665 31.852425114532128
210 -18.0 -5.600427967325908 0
211 -3.0 -5.574423687652649 0
212 -13.0 -5.648679450776123 0
213 -16.0 -5.752192656268361 0
214 -7.0 -5.764670729705678 0
215 -3.0 -5.7370240224086215 0
216 -3.0 -5.709653782184535 32.26564082780646
217 -11.0 -5.76255724436269 0
218 -13.0 -5.834931671919064 0
219 5.0 -5.726582355199873 0
220 -18.0 -5.849316531647873 0
221 -13.0 -5.920823366331394 0
222 -1.0 -5.871615132668079 0
223 -15.0 -5.962898981341399 33.170053317546504
224 -12.0 -6.023269991527985 0
225 -3.0 -5.993037291612706 0
226 -7.0 -6.003106918696579 0
227 -4.0 -5.983075849509613 0
228 -5.0 -5.973245091014517 0
229 -5.0 -5.963512640104372 0
230 -6.0 -5.963877513703328 33.379054973887584
231 -6.0 -5.964238738566294 0
232 -14.0 -6.044596351180631 0
233 1.0 -5.974150387668825 0
234 -4.0 -5.954408883792136 0
235 -15.0 -6.044864794954215 0
236 -12.0 -6.104416147004673 0
237 -4.0 -6.083371985534626 34.695939617146095
238 -8.0 -6.1025382656792795 0
239 -5.0 -6.091512883022486 0
240 -7.0 -6.100597754192261 0
241 -11.0 -6.149591776650339 0
242 -10.0 -6.188095858883835 0
243 -9.0 -6.216214900294997 0
244 -11.0 -6.264052751292047 35.41080460970414
245 -15.0 -6.351412223779127 0
246 -7.0 -6.357898101541336 0
247 -7.0 -6.364319120525923 0
248 -9.0 -6.390675929320663 0
249 1.0 -6.316769170027457 0
250 1.0 -6.243601478327182 0
251 -2.0 -6.2011654635439095 36.30976487680142
252 -3.0 -6.1691538089084705 0
253 -11.0 -6.217462270819386 0
254 -8.0 -6.235287648111192 0
255 -1.0 -6.182934771630079 0
256 3.0 -6.0911054239137785 0
257 -3.0 -6.060194369674641 0
258 -3.0 -6.029592425977895 38.65456164839251
259 -1.0 -5.979296501718116 0
260 -5.0 -5.969503536700934 0
261 -14.0 -6.049808501333924 0
262 -15.0 -6.139310416320585 0
263 -3.0 -6.1079173121573795 0
264 -8.0 -6.126838139035805 0
265 -5.0 -6.115569757645447 40.158756135134105
266 -14.0 -6.194414060068992 0
267 -5.0 -6.182469919468302 0
268 -9.0 -6.210645220273618 0
269 -6.0 -6.2085387680708815 0
270 -5.0 -6.196453380390173 0
271 -12.0 -6.254488846586271 0
272 -15.0 -6.3419439581204085 40.73382652189533
273 -3.0 -6.308524518539205 0
274 -9.0 -6.3354392733538125 0
275 -5.0 -6.322084880620274 0
276 -15.0 -6.408864031814072 0
277 -13.0 -6.474775391495931 0
278 -4.0 -6.4500276375809715 0
279 -13.0 -6.515527361205161 41.156198760449634
280 -13.0 -6.580372087593109 0
281 -1.0 -6.524568366717178 0
282 -5.0 -6.509322683050006 0
283 -11.0 -6.554229456219506 0
284 -3.0 -6.518687161657311 0
285 -15.0 -6.6035002900407385 0
286 -13.0 -6.667465287140331 41.514158415432725
287 -11.0 -6.710790634268928 0
288 -5.0 -6.693682727926239 0
289 -12.0 -6.746745900646977 0
290 -9.0 -6.769278441640507 0
291 1.0 -6.691585657224103 0
292 -5.0 -6.674669800651861 0
293 -8.0 -6.6879231026453425 41.88431545242422
294 -12.0 -6.741043871618889 0
295 -8.0 -6.7536334329027 0
296 -3.0 -6.716097098573673 0
297 -9.0 -6.7389361275879365 0
298 -15.0 -6.821546766312057 0
299 -13.0 -6.883331298648936 0
300 -16.0 -6.974497985662446 42.01381635742127
301 -4.0 -6.944753005805822 0
302 -5.0 -6.925305475747764 0
303 -9.0 -6.946052420990286 0
304 -4.0 -6.916591896780383 0
305 -8.0 -6.927425977812579 0
306 -10.0 -6.958151718034452 0
307 -12.0 -7.008570200854108 43.01345835695408
308 -7.0 -7.008484498845568 0
309 -6.0 -6.998399653857112 0
310 -6.0 -6.98841565731854 0
311 -10.0 -7.018531500745354 0
312 -5.0 -6.9983461857379 0
313 -7.0 -6.998362723880522 0
314 -3.0 -6.958379096641717 43.477709751167446
315 -8.0 -6.968795305675299 0
316 -9.0 -6.9891073526185465 0
317 -13.0 -7.049216279092361 0
318 -6.0 -7.038724116301437 0
319 1.0 -6.958336875138423 0
320 -9.0 -6.978753506387038 0
321 2.0 -6.888965971323168 44.128429463861266
322 -3.0 -6.850076311609937 0
323 -8.0 -6.861575548493837 0
324 -4.0 -6.832959793008899 0
325 -3.0 -6.794630195078811 0
326 -10.0 -6.826683893128022 0
327 -12.0 -6.878417054196742 0
328 -15.0 -6.959632883654775 45.90133706705196
329 -9.0 -6.980036554818227 0
330 -1.0 -6.920236189270044 0
331 5.0 -6.801033827377344 0
332 -8.0 -6.81302348910357 0
333 6.0 -6.684893254212535 0
334 -9.0 -6.7080443216704095 0
335 -7.0 -6.710963878453706 46.497303278549055
336 -3.0 -6.673854239669169 0
337 -5.0 -6.657115697272477 0
338 -8.0 -6.670544540299752 0
339 1.0 -6.5938390948967545 0
340 -14.0 -6.667900703947787 0
341 -5.0 -6.6512216969083084 0
342 -13.0 -6.714709479939225 46.95038218649012
343 14.0 -6.507562385139833 0
344 -10.0 -6.542486761288434 0
345 -6.0 -6.537061893675549 0
346 -11.0 -6.581691274738794 0
347 -7.0 -6.585874361991406 0
348 -16.0 -6.680015618371492 0
349 -15.0 -6.763215462187778 46.95188327278356
350 -7.0 -6.7655833075659 0
351 -5.0 -6.747927474490241 0
352 4.0 -6.640448199745338 0
353 -12.0 -6.694043717747884 0
354 -3.0 -6.657103280570405 0
355 -9.0 -6.680532247764701 0
356 -14.0 -6.7537269252870535 47.15488660710665
357 -4.0 -6.726189656034183 0
358 -9.0 -6.748927759473841 0
359 -8.0 -6.761438481879103 0
360 -11.0 -6.803824097060312 0
361 -9.0 -6.825785856089709 0
362 -15.0 -6.907527997528812 0
363 -6.0 -6.898452717553524 47.518211981901445
364 -2.0 -6.849468190377988 0
365 -8.0 -6.860973508474208 0
366 -14.0 -6.932363773389466 0
367 -12.0 -6.983040135655571 0
368 1.0 -6.903209734299016 0
369 3.0 -6.804177636956025 0
370 -12.0 -6.856135860586464 48.25810988875089
371 -7.0 -6.8575745019806 0
372 -16.0 -6.948998756960794 0
373 -12.0 -6.999508769391186 0
374 -8.0 -7.009513681697274 0
375 -14.0 -7.0794185448803 0
376 -9.0 -7.098624359431497 0
377 -12.0 -7.147638115837182 49.84614375869325
378 -10.0 -7.17616173467881 0
379 -9.0 -7.194400117332021 0
380 -6.0 -7.182456116158701 0
381 -11.0 -7.220631554997114 0
382 -6.0 -7.208425239447142 0
383 -7.0 -7.206340987052671 0
384 -6.0 -7.1942775771821434 49.834945927480426
385 -10.0 -7.222334801410321 0
386 -6.0 -7.210111453396218 0
387 -14.0 -7.278010338862256 0
388 -6.0 -7.2652302354736324 0
389 -10.0 -7.292577933118896 0
390 -16.0 -7.379652153787707 0
391 -12.0 -7.42585563224983 50.68661753323538
392 -11.0 -7.461597075927331 0
393 -17.0 -7.556981105168058 0
394 -1.0 -7.491411294116377 0
395 -4.0 -7.456497181175213 0
396 -11.0 -7.491932209363461 0
397 -12.0 -7.537012887269826 0
398 -10.0 -7.561642758397127 51.602645133206856
399 -11.0 -7.596026330813157 0
400 -4.0 -7.560066067505025 0
401 -7.0 -7.554465406829975 0
402 -13.0 -7.608920752761675 0
403 -6.0 -7.592831545234057 0
404 -6.0 -7.576903229781716 0
405 -9.0 -7.591134197483899 52.24023928055979
406 -17.0 -7.68522285550906 0
407 -11.0 -7.718370626953969 0
408 -10.0 -7.741186920684429 0
409 -9.0 -7.753775051477585 0
410 -6.0 -7.7362373009628085 0
411 -13.0 -7.78887492795318 0
412 -7.0 -7.780986178673649 52.6575880785135
413 -6.0 -7.763176316886912 0
414 -17.0 -7.855544553718043 0
415 -15.0 -7.926989108180863 0
416 -4.0 -7.887719217099055 0
417 -15.0 -7.958842024928065 0
418 -13.0 -8.009253604678785 0
419 -15.0 -8.079161068631997 53.288169412011996
420 -16.0 -8.158369457945676 0
421 -17.0 -8.24678576336622 0
422 -9.0 -8.254317905732556 0
423 -6.0 -8.231774726675232 0
424 -12.0 -8.269456979408478 0
425 -13.0 -8.316762409614393 0
426 -9.0 -8.32359478551825 53.895358848185644
427 -12.0 -8.360358837663066 0
428 -17.0 -8.446755249286435 0
429 -9.0 -8.45228769679357 0
430 -16.0 -8.527764819825634 0
431 -15.0 -8.59248717162738 0
432 -17.0 -8.676562299911105 0
433 -9.0 -8.679796676911993 53.71852712551365
434 -12.0 -8.712998710142871 0
435 -13.0 -8.755868723041443 0
436 -15.0 -8.81831003581103 0
437 -13.0 -8.86012693545292 0
438 -11.0 -8.88152566609839 0
439 -5.0 -8.842710409437407 0
440 -7.0 -8.824283305343034 53.48179543094886
441 -9.0 -8.826040472289604 0
442 -15.0 -8.887780067566707 0
443 -13.0 -8.928902266891042 0
444 -16.0 -8.99961324422213 0
445 -10.0 -9.009617111779908 0
446 -13.0 -9.04952094066211 0
447 -5.0 -9.00902573125549 53.228571983605306
448 -15.0 -9.068935473942934 0
449 -17.0 -9.148246119203504 0
450 -17.0 -9.22676365801147 0
451 -10.0 -9.234496021431355 0
452 -12.0 -9.26215106121704 0
453 -17.0 -9.339529550604869 0
454 -15.0 -9.39613425509882 53.7222085243717
455 -16.0 -9.462172912547832 0
456 -5.0 -9.417551183422354 0
457 -14.0 -9.463375671588132 0
458 -4.0 -9.40874191487225 0
459 -17.0 -9.484654495723527 0
460 -9.0 -9.479807950766292 0
461 -15.0 -9.535009871258628 54.43497982471091
462 -13.0 -9.569659772546043 0
463 -13.0 -9.603963174820583 0
464 -3.0 -9.537923543072377 0
465 -7.0 -9.512544307641654 0
466 -15.0 -9.567418864565239 0
467 -8.0 -9.551744675919586 0
468 -13.0 -9.586227229160391 54.44549670763292
469 -14.0 -9.630364956868787 0
470 -11.0 -9.644061307300099 0
471 -6.0 -9.607620694227098 0
472 -8.0 -9.591544487284827 0
473 -11.0 -9.605629042411978 0
474 -14.0 -9.64957275198786 0
475 -15.0 -9.703077024467982 54.54453803422054
476 -15.0 -9.756046254223302 0
477 -2.0 -9.678485791681068 0
478 -8.0 -9.661700933764257 0
479 -5.0 -9.615083924426616 0
480 -5.0 -9.56893308518235 0
481 -13.0 -9.603243754330526 0
482 -1.0 -9.51721131678722 54.6191304957526
483 -13.0 -9.552039203619348 0
484 -16.0 -9.616518811583154 0
485 -10.0 -9.620353623467322 0
486 -12.0 -9.644150087232648 0
487 -8.0 -9.62770858636032 0
488 -10.0 -9.631431500496717 0
489 -15.0 -9.68511718549175 54.37877665370249
490 -17.0 -9.758266013636833 0
491 -12.0 -9.780683353500464 0
492 -17.0 -9.85287651996546 0
493 -14.0 -9.894347754765805 0
494 -12.0 -9.915404277218146 0
495 -9.0 -9.906250234445965 0
496 -6.0 -9.867187732101506 55.15094920416336
497 -16.0 -9.92851585478049 0
498 -13.0 -9.959230696232687 0
499 -10.0 -9.95963838927036 0
500 -7.0 -9.930042005377656 0
501 -10.0 -9.93074158532388 0
502 -15.0 -9.98143416947064 0
503 -13.0 -10.011619827775935 55.22854952489422
504 -6.0 -9.971503629498175 0
505 -18.0 -10.051788593203193 0
506 -12.0 -10.071270707271161 0
507 -14.0 -10.11055800019845 0
508 -1.0 -10.019452420196465 0
509 -15.0 -10.0692578959945 0
510 -8.0 -10.048565317034555 55.58342295816093
511 -12.0 -10.068079663864209 0
512 -14.0 -10.107398867225568 0
513 -6.0 -10.066324878553312 0
514 -5.0 -10.015661629767779 0
515 -11.0 -10.0255050134701 0
516 -11.0 -10.0352499633354 0
517 -16.0 -10.094897463702045 55.18815416358562
518 -9.0 -10.083948489065024 0
519 -7.0 -10.053109004174374 0
520 -7.0 -10.022577914132631 0
521 -16.0 -10.082352134991305 0
522 -8.0 -10.061528613641393 0
523 -14.0 -10.10091332750498 0
524 -11.0 -10.10990419422993 55.32833013501113
525 -7.0 -10.07880515228763 0
526 -12.0 -10.098017100764753 0
527 -4.0 -10.037036929757106 0
528 -11.0 -10.046666560459533 0
529 -17.0 -10.116199894854937 0
530 -19.0 -10.205037895906386 0
531 -11.0 -10.212987516947322 56.282046512754306
532 -9.0 -10.20085764177785 0
533 -17.0 -10.26884906536007 0
534 -11.0 -10.27616057470647 0
535 -13.0 -10.303398968959407 0
536 -14.0 -10.340364979269813 0
537 -16.0 -10.396961329477115 0
538 -8.0 -10.372991716182344 56.55511814632247
539 -12.0 -10.38926179902052 0
540 -9.0 -10.375369181030315 0
541 -9.0 -10.361615489220013 0
542 -11.0 -10.367999334327811 0
543 -4.0 -10.304319340984533 0
544 -13.0 -10.331276147574687 0
545 -9.0 -10.31796338609894 56.68648841405101
546 -15.0 -10.364783752237951 0
547 -15.0 -10.411135914715572 0
548 -6.0 -10.367024555568417 0
549 -14.0 -10.403354310012734 0
550 -11.0 -10.409320766912606 0
551 -11.0 -10.415227559243478 0
552 -12.0 -10.431075283651042 56.88263269811986
553 -13.0 -10.456764530814532 0
554 -13.0 -10.482196885506387 0
555 -12.0 -10.497374916651323 0
556 -11.0 -10.502401167484809 0
557 -16.0 -10.557377155809961 0
558 -5.0 -10.501803384251863 0
559 -13.0 -10.526785350409344 57.24741214010722
560 -13.0 -10.551517496905252 0
561 -7.0 -10.516002321936199 0
562 -13.0 -10.540842298716838 0
563 -11.0 -10.54543387572967 0
564 -13.0 -10.569979536972374 0
565 -12.0 -10.58427974160265 0
566 -13.0 -10.608436944186623 57.00243171376339
567 -19.0 -10.692352574744756 0
568 -15.0 -10.73542904899731 0
569 -17.0 -10.798074758507337 0
570 -15.0 -10.840094010922263 0
571 -13.0 -10.861693070813041 0
572 -13.0 -10.883076140104912 0
573 -8.0 -10.854245378703862 56.696982918181156
574 -12.0 -10.865702924916823 0
575 -16.0 -10.917045895667655 0
576 -19.0 -10.997875436710979 0
577 -19.0 -11.07789668234387 0
578 -15.0 -11.11711771552043 0
579 -11.0 -11.115946538365225 0
580 -16.0 -11.164787072981573 56.66422265331628
581 -10.0 -11.153139202251758 0
582 -13.0 -11.171607810229242 0
583 -11.0 -11.169891732126949 0
584 -13.0 -11.18819281480568 0
585 -8.0 -11.156310886657623 0
586 -15.0 -11.194747777791047 0
587 -12.0 -11.202800300013136 56.39573058445269
588 -14.0 -11.230772297013004 0
589 -14.0 -11.258464574042875 0
590 -4.0 -11.185879928302446 0
591 -19.0 -11.26402112901942 0
592 -12.0 -11.271380917729225 0
593 -11.0 -11.268667108551933 0
594 -15.0 -11.305980437466413 56.49462333867274
595 -15.0 -11.34292063309175 0
596 -11.0 -11.339491426760832 0
597 -13.0 -11.356096512493224 0
598 -9.0 -11.332535547368291 0
599 -9.0 -11.309210191894609 0
600 -17.0 -11.366118089975663 0
601 -12.0 -11.372456909075906 58.24136719389053
602 -12.0 -11.378732339985145 0
603 -10.0 -11.364945016585294 0
604 -13.0 -11.38129556641944 0
605 -16.0 -11.427482610755247 0
606 -12.0 -11.433207784647694 0
607 -14.0 -11.458875706801217 0
608 -19.0 -11.534286949733204 58.337236327023916
609 -6.0 -11.478944080235872 0
610 -18.0 -11.544154639433513 0
611 -12.0 -11.548713093039177 0
612 -12.0 -11.553225962108785 0
613 -13.0 -11.567693702487698 0
614 -15.0 -11.602016765462821 0
615 -20.0 -11.685996597808192 58.98765142605853
616 -11.0 -11.67913663183011 0
617 -15.0 -11.712345265511809 0
618 -13.0 -11.725221812856692 0
619 -12.0 -11.727969594728124 0
620 -16.0 -11.770689898780843 0
621 -8.0 -11.732982999793034 0
622 -15.0 -11.765653169795105 58.86078804831132
623 -15.0 -11.797996638097153 0
624 -15.0 -11.830016671716182 0
625 -6.0 -11.77171650499902 0
626 -8.0 -11.73399933994903 0
627 -11.0 -11.726659346549539 0
628 -13.0 -11.739392753084044 0
629 -19.0 -11.811998825553202 58.77794805926906
630 -10.0 -11.793878837297669 0
631 -6.0 -11.735940048924693 0
632 -18.0 -11.798580648435445 0
633 -12.0 -11.80059484195109 0
634 -14.0 -11.82258889353158 0
635 -5.0 -11.754363004596266 0
636 -21.0 -11.846819374550304 58.75352665902404
637 -16.0 -11.8883511808048 0
638 -13.0 -11.899467668996753 0
639 -6.0 -11.840472992306786 0
640 -13.0 -11.85206826238372 0
641 -15.0 -11.883547579759883 0
642 -18.0 -11.944712103962283 0
643 -13.0 -11.95526498292266 58.64803876950474
644 2.0 -11.815712333093433 0
645 -17.0 -11.867555209762498 0
646 -16.0 -11.908879657664873 0
647 -7.0 -11.859790861088223 0
648 -10.0 -11.841192952477341 0
649 -2.0 -11.742781022952567 0
650 -12.0 -11.74535321272304 59.70719654068973
651 -17.0 -11.79789968059581 0
652 -13.0 -11.809920683789853 0
653 -15.0 -11.841821476951955 0
654 -15.0 -11.873403262182435 0
655 -9.0 -11.84466922956061 0
656 -13.0 -11.856222537265005 0
657 -14.0 -11.877660311892356 59.50117973335966
658 -16.0 -11.918883708773432 0
659 -5.0 -11.8496948716857 0
660 -12.0 -11.851197922968842 0
661 -9.0 -11.822685943739152 0
662 -10.0 -11.80445908430176 0
663 -19.0 -11.876414493458741 0
664 -16.0 -11.917650348524154 59.21016379127997
665 -19.0 -11.98847384503891 0
666 -19.0 -12.05858910658852 0
667 -9.0 -12.028003215522634 0
668 -17.0 -12.077723183367407 0
669 -7.0 -12.026945951533733 0
670 -9.0 -11.996676492018395 0
671 -13.0 -12.006709727098212 59.627897585349864
672 -15.0 -12.036642629827229 0
673 -17.0 -12.086276203528957 0
674 -19.0 -12.155413441493668 0
675 -10.0 -12.13385930707873 0
676 -15.0 -12.162520714007943 0
677 -16.0 -12.200895506867864 0
678 -16.0 -12.238886551799185 59.458426406079504
679 -17.0 -12.286497686281193 0
680 -19.0 -12.35363270941838 0
681 -10.0 -12.330096382324195 0
682 -9.0 -12.296795418500952 0
683 -10.0 -12.273827464315943 0
684 -7.0 -12.221089189672783 0
685 -4.0 -12.138878297776055 59.47401815398875
686 -9.0 -12.107489514798294 0
687 -10.0 -12.086414619650311 0
688 -16.0 -12.125550473453808 0
689 -12.0 -12.12429496871927 0
690 -14.0 -12.143052019032076 0
691 -13.0 -12.151621498841756 0
692 -13.0 -12.160105283853339 59.555891761284805
693 -17.0 -12.208504231014805 0
694 -15.0 -12.236419188704657 0
695 -5.0 -12.164054996817612 0
696 -7.0 -12.112414446849435 0
697 -15.0 -12.141290302380941 0
698 -11.0 -12.129877399357131 0
699 -14.0 -12.14857862536356 60.49032382120692
700 -4.0 -12.067092839109923 0
701 -7.0 -12.016421910718824 0
702 -14.0 -12.036257691611636 0
703 -13.0 -12.04589511469552 0
704 -11.0 -12.035436163548564 0
705 -9.0 -12.005081801913079 0
706 -1.0 -11.895030983893948 60.638106335986826
707 -17.0 -11.946080674055008 0
708 -11.0 -11.936619867314457 0
709 -9.0 -11.907253668641312 0
710 -17.0 -11.958181131954898 0
711 -15.0 -11.98859932063535 0
712 -17.0 -12.038713327428997 0
713 -15.0 -12.068326194154707 60.352103405768304
714 -16.0 -12.10764293221316 0
715 -16.0 -12.146566502891028 0
716 -13.0 -12.155100837862118 0
717 -9.0 -12.123549829483498 0
718 -10.0 -12.102314331188662 0
719 -15.0 -12.131291187876776 0
720 -15.0 -12.159978275998009 60.36514546315344
721 -17.0 -12.208378493238028 0
722 -7.0 -12.156294708305648 0
723 -12.0 -12.15473176122259 0
724 -11.0 -12.143184443610364 0
725 -13.0 -12.15175259917426 0
726 -8.0 -12.110235073182517 0
727 -4.0 -12.029132722450692 60.763143626962304
728 -11.0 -12.018841395226184 0
729 -9.0 -11.988652981273923 0
730 -16.0 -12.028766451461184 0
731 -13.0 -12.038478786946573 0
732 -11.0 -12.028093999077107 0
733 -11.0 -12.017813059086336 0
734 -10.0 -11.997634928495472 60.56954537350782
735 -15.0 -12.027658579210518 0
736 -13.0 -12.037381993418414 0
737 -15.0 -12.067008173484231 0
738 -12.0 -12.066338091749389 0
739 -16.0 -12.105674710831895 0
740 -9.0 -12.074617963723576 0
741 -7.0 -12.02387178408634 64.83503180907938
742 -7.0 -11.973633066245478 0
743 -14.0 -11.993896735583023 0
744 -10.0 -11.973957768227192 0
745 -17.0 -12.02421819054492 0
746 -16.0 -12.06397600863947 0
747 -15.0 -12.093336248553076 0
748 -20.0 -12.172402886067545 64.68094755341035
749 -16.0 -12.210678857206869 0
750 -11.0 -12.1985720686348 0
751 -8.0 -12.156586347948451 0
752 -17.0 -12.205020484468967 0
753 -16.0 -12.242970279624277 0
754 -18.0 -12.300540576828034 0
755 -11.0 -12.287535171059753 64.63626596185696
756 -13.0 -12.294659819349157 0
757 -12.0 -12.291713221155664 0
758 -12.0 -12.288796088944107 0
759 -17.0 -12.335908128054665 0
760 -11.0 -12.322549046774117 0
761 -16.0 -12.359323556306377 0
762 -13.0 -12.365730320743314 65.84448223706825
763 -13.0 -12.37207301753588 0
764 -10.0 -12.348352287360521 0
765 -15.0 -12.374868764486916 0
766 -17.0 -12.421120076842046 0
767 -15.0 -12.446908876073625 0
768 -8.0 -12.402439787312888 0
769 -11.0 -12.388415389439759 66.01263143516027
770 -11.0 -12.37453123554536 0
771 -17.0 -12.420785923189907 0
772 -16.0 -12.456578063958007 0
773 -19.0 -12.522012283318427 0
774 -17.0 -12.566792160485242 0
775 -11.0 -12.551124238880389 0
776 -15.0 -12.575612996491586 65.71368114149494
777 -12.0 -12.569856866526669 0
778 -19.0 -12.6341582978614 0
779 -16.0 -12.667816714882786 0
780 -18.0 -12.721138547733958 0
781 -5.0 -12.643927162256619 0
782 -8.0 -12.597487890634053 0
783 -9.0 -12.561513011727712 66.06211349355843
784 -16.0 -12.595897881610435 0
785 -15.0 -12.619938902794331 0
786 -17.0 -12.663739513766387 0
787 -15.0 -12.687102118628724 0
788 -17.0 -12.730231097442436 0
789 -14.0 -12.742928786468012 0
790 -13.0 -12.745499498603332 67.01546080568588
791 -2.0 -12.638044503617298 0
792 -16.0 -12.671664058581126 0
793 -15.0 -12.694947417995314 0
794 -16.0 -12.72799794381536 0
795 -13.0 -12.730717964377208 0
796 -14.0 -12.743410784733436 0
797 -11.0 -12.725976676886102 67.04673947170704
798 -13.0 -12.728716910117242 0
799 -19.0 -12.791429741016069 0
800 -11.0 -12.773515443605907 0
801 -11.0 -12.755780289169847 0
802 -13.0 -12.758222486278148 0
803 -13.0 -12.760640261415368 0
804 -16.0 -12.793033858801214 67.11371228810343
805 -12.0 -12.785103520213202 0
806 -13.0 -12.78725248501107 0
807 -15.0 -12.80937996016096 0
808 -13.0 -12.811286160559352 0
809 -8.0 -12.763173298953758 0
810 -11.0 -12.745541565964219 0
811 -16.0 -12.778086150304576 67.25192484826562
812 -14.0 -12.79030528880153 0
813 -13.0 -12.792402235913515 0
814 -10.0 -12.76447821355438 0
815 -20.0 -12.836833431418835 0
816 -14.0 -12.848465097104647 0
817 -14.0 -12.859980446133601 0
818 -7.0 -12.801380641672266 68.52805982596306
819 -10.0 -12.773366835255542 0
820 -13.0 -12.775633166902988 0
821 -14.0 -12.78787683523396 0
822 -13.0 -12.78999806688162 0
823 -16.0 -12.822098086212804 0
824 -17.0 -12.863877105350676 0
825 -17.0 -12.905238334297168 68.35050711554025
826 -11.0 -12.886185950954196 0
827 -11.0 -12.867324091444654 0
828 -8.0 -12.818650850530208 0
829 -11.0 -12.800464342024906 0
830 -14.0 -12.812459698604657 0
831 -13.0 -12.814335101618612 0
832 -17.0 -12.856191750602425 68.34284619548167
833 -14.0 -12.867629833096402 0
834 -11.0 -12.848953534765437 0
835 -19.0 -12.910463999417782 0
836 -10.0 -12.881359359423604 0
837 -11.0 -12.862545765829367 0
838 -15.0 -12.883920308171074 0
839 -10.0 -12.855081105089363 68.25900073557258
840 -13.0 -12.85653029403847 0
841 -13.0 -12.857964991098086 0
842 -14.0 -12.869385341187106 0
843 -15.0 -12.890691487775236 0
844 -15.0 -12.911784572897483 0
845 -10.0 -12.882666727168507 0
846 -13.0 -12.883840059896823 67.99008675120328
847 -15.0 -12.905001659297854 0
848 -14.0 -12.915951642704876 0
849 -15.0 -12.936792126277828 0
850 -18.0 -12.98742420501505 0
851 -14.0 -12.9975499629649 0
852 -15.0 -13.01757446333525 0
853 -19.0 -13.077398718701899 67.66461610317559
854 -12.0 -13.066624731514878 0
855 -15.0 -13.085958484199729 0
856 -12.0 -13.07509889935773 0
857 -7.0 -13.014347910364153 0
858 -17.0 -13.05420443126051 0
859 -11.0 -13.033662386947904 0
860 -9.0 -12.993325763078426 67.55781475791278
861 -13.0 -12.993392505447643 0
862 -14.0 -13.003458580393167 0
863 -5.0 -12.923423994589236 0
864 -16.0 -12.954189754643343 0
865 -14.0 -12.96464785709691 0
866 -14.0 -12.975001378525942 0
867 -12.0 -12.965251364740682 67.81972771689904
868 -19.0 -13.025598851093275 0
869 -14.0 -13.035342862582342 0
870 -16.0 -13.064989433956518 0
871 -13.0 -13.064339539616952 0
872 -18.0 -13.113696144220782 0
873 -9.0 -13.072559182778575 0
874 -13.0 -13.07183359095079 67.64595611306278
875 -12.0 -13.061115255041281 0
876 -18.0 -13.110504102490868 0
877 -6.0 -13.039399061465959 0
878 -16.0 -13.069005070851299 0
879 -15.0 -13.088315020142787 0
880 -16.0 -13.11743186994136 0
881 -20.0 -13.186257551241946 67.3903379978126
882 -18.0 -13.234394975729526 0
883 -16.0 -13.26205102597223 0
884 -12.0 -13.249430515712508 0
885 -18.0 -13.296936210555382 0
886 -13.0 -13.293966848449829 0
887 -9.0 -13.25102717996533 0
888 -13.0 -13.248516908165678 67.22335029614437
889 -9.0 -13.206031739084022 0
890 -12.0 -13.193971421693181 0
891 -17.0 -13.23203170747625 0
892 -11.0 -13.209711390401486 0
893 -7.0 -13.147614276497471 0
894 -15.0 -13.166138133732497 0
895 -16.0 -13.194476752395172 66.8847016670246
896 -16.0 -13.22253198487122 0
897 -21.0 -13.300306665022507 0
898 -17.0 -13.337303598372282 0
899 -13.0 -13.33393056238856 0
900 -5.0 -13.250591256764674 0
901 -15.0 -13.268085344197027 0
902 -6.0 -13.195404490755058 66.91070112804852
903 -9.0 -13.153450445847508 0
904 -13.0 -13.151915941389033 0
905 -15.0 -13.170396781975143 0
906 -3.0 -13.06869281415539 0
907 -11.0 -13.048005886013836 0
908 -15.0 -13.067525827153698 0
909 -14.0 -13.076850568882161 67.13293805458446
910 -2.0 -12.966082063193339 0
911 -10.0 -12.936421242561405 0
912 -4.0 -12.84705703013579 0
913 -15.0 -12.868586459834432 0
914 -11.0 -12.849900595236088 0
915 -16.0 -12.881401589283726 0
916 -3.0 -12.782587573390888 68.1421769665848
917 -13.0 -12.78476169765698 0
918 -16.0 -12.81691408068041 0
919 -19.0 -12.878744939873606 0
920 -17.0 -12.91995749047487 0
921 -13.0 -12.920757915570121 0
922 -15.0 -12.94155033641442 0
923 -20.0 -13.012134833050274 67.95991318502271
924 -18.0 -13.06201348471977 0
925 -11.0 -13.041393349872571 0
926 -11.0 -13.020979416373844 0
927 -7.0 -12.960769622210107 0
928 -9.0 -12.921161925988006 0
929 -6.0 -12.851950306728126 0
930 -17.0 -12.893430803660845 67.99951336280246
931 -13.0 -12.894496495624237 0
932 -16.0 -12.925551530667995 0
933 -14.0 -12.936296015361316 0
934 -15.0 -12.956933055207703 0
935 -16.0 -12.987363724655626 0
936 -13.0 -12.987490087409071 0
937 -13.0 -12.987615186534981 67.82401950799589
938 -13.0 -12.987739034669632 0
939 -13.0 -12.987861644322937 0
940 -11.0 -12.967983027879708 0
941 -15.0 -12.98830319760091 0
942 -17.0 -13.028420165624901 0
943 -10.0 -12.998135963968652 0
944 -9.0 -12.958154604328966 67.47394889571397
945 -17.0 -12.998573058285675 0
946 -19.0 -13.058587327702819 0
947 -17.0 -13.098001454425791 0
948 -9.0 -13.057021439881533 0
949 -14.0 -13.066451225482718 0
950 -12.0 -13.05578671322789 0
951 -13.0 -13.055228846095613 67.5708621302487
952 -12.0 -13.044676557634656 0
953 -17.0 -13.08422979205831 0
954 -11.0 -13.063387494137725 0
955 -14.0 -13.072753619196348 0
956 -10.0 -13.042026083004384 0
957 -14.0 -13.05160582217434 0
958 -11.0 -13.031089763952595 67.71598162408253
959 -9.0 -12.990778866313068 0
960 -9.0 -12.950871077649937 0
961 -15.0 -12.971362366873437 0
962 -12.0 -12.961648743204702 0
963 -14.0 -12.972032255772655 0
964 -16.0 -13.002311933214928 0
965 -11.0 -12.982288813882779 67.63864023692577
966 -13.0 -12.982465925743952 0
967 -13.0 -12.982641266486514 0
968 -15.0 -13.002814853821649 0
969 -14.0 -13.012786705283434 0
970 -13.0 -13.0126588382306 0
971 -10.0 -12.982532249848294 0
972 -17.0 -13.02270692734981 69.4412825798238
973 -17.0 -13.062479858076312 0
974 -9.0 -13.021855059495548 0
975 -18.0 -13.071636508900593 0
976 -12.0 -13.060920143811586 0
977 -17.0 -13.10031094237347 0
978 -14.0 -13.109307832949735 0
979 -20.0 -13.178214754620237 69.34139938126313
980 -20.0 -13.246432607074034 0
981 1.0 -13.103968281003294 0
982 -9.0 -13.06292859819326 0
983 -15.0 -13.082299312211328 0
984 -13.0 -13.081476319089216 0
985 -7.0 -13.020661555898323 0
986 -19.0 -13.08045494033934 69.9563962128094
987 -17.0 -13.119650390935947 0
988 -17.0 -13.158453887026587 0
989 -13.0 -13.156869348156322 0
990 -12.0 -13.145300654674758 0
991 -10.0 -13.11384764812801 0
992 -17.0 -13.152709171646729 0
993 -17.0 -13.191182079930261 70.13710039907038
994 -13.0 -13.189270259130959 0
995 -13.0 -13.18737755653965 0
996 -15.0 -13.205503780974253 0
997 -17.0 -13.24344874316451 0
998 -9.0 -13.201014255732865 0
999 -15.0 -13.219004113175536 0
1000 -9.0 -13.176814072043781 69.76817647283781
1001 -17.0 -13.215045931323344 0
1002 -13.0 -13.21289547201011 0
1003 -16.0 -13.240766517290009 0
1004 -19.0 -13.298358852117108 0
1005 -14.0 -13.305375263595938 0
1006 -16.0 -13.332321510959979 0
1007 -14.0 -13.338998295850379 69.5533737834562
1008 -14.0 -13.345608312891876 0
1009 -14.0 -13.352152229762957 0
1010 -10.0 -13.318630707465328 0
1011 -10.0 -13.285444400390674 0
1012 -17.0 -13.322589956386766 0
1013 -10.0 -13.289364056822897 0
1014 -13.0 -13.28647041625467 71.54560054769291
1015 -19.0 -13.343605712092122 0
1016 -15.0 -13.360169654971202 0
1017 -16.0 -13.38656795842149 0
1018 -16.0 -13.412702278837275 0
1019 -11.0 -13.3885752560489 0
1020 -9.0 -13.34468950348841 0
1021 -13.0 -13.341242608453527 71.14721760008185
1022 -9.0 -13.297830182368992 0
1023 -11.0 -13.274851880545302 0
1024 -17.0 -13.31210336173985 0
1025 -13.0 -13.308982328122452 0
1026 -18.0 -13.355892504841227 0
1027 -7.0 -13.292333579792816 0
1028 -16.0 -13.319410243994888 71.26479826212463
1029 -11.0 -13.296216141554938 0
1030 -12.0 -13.283253980139387 0
1031 -15.0 -13.300421440337994 0
1032 -10.0 -13.267417225934613 0
1033 -4.0 -13.174743053675266 0
1034 -15.0 -13.192995623138513 0
1035 -15.0 -13.211065666907128 71.26723633227807
1036 -12.0 -13.198955010238056 0
1037 -16.0 -13.226965460135675 0
1038 -16.0 -13.254695805534318 0
1039 -10.0 -13.222148847478975 0
1040 -10.0 -13.189927359004185 0
1041 -5.0 -13.108028085414144 0
1042 -19.0 -13.166947804560003 72.04568266253051
1043 -18.0 -13.215278326514403 0
1044 -7.0 -13.153125543249258 0
1045 -11.0 -13.131594287816766 0
1046 -14.0 -13.140278344938599 0
1047 -9.0 -13.098875561489212 0
1048 -15.0 -13.11788680587432 0
1049 -9.0 -13.076707937815577 72.45226986786984
1050 -13.0 -13.075940858437422 0
1051 -11.0 -13.055181449853047 0
1052 -14.0 -13.064629635354516 0
1053 -9.0 -13.02398333900097 0
1054 -15.0 -13.043743505610962 0
1055 -17.0 -13.083306070554853 0
1056 -19.0 -13.142473009849304 72.0916616071436
1057 -13.0 -13.141048279750812 0
1058 -21.0 -13.219637796953306 0
1059 -17.0 -13.257441418983772 0
1060 -11.0 -13.234867004793934 0
1061 -13.0 -13.232518334745995 0
1062 -13.0 -13.230193151398536 0
1063 -14.0 -13.23789121988455 71.8955814569976
1064 -17.0 -13.275512307685705 0
1065 -12.0 -13.262757184608848 0
1066 -10.0 -13.23012961276276 0
1067 -15.0 -13.247828316635132 0
1068 -17.0 -13.28535003346878 0
1069 -15.0 -13.302496533134093 0
1070 -12.0 -13.289471567802751 73.4357955253441
1071 -15.0 -13.306576852124724 0
1072 -16.0 -13.333511083603478 0
1073 -13.0 -13.330175972767444 0
1074 -12.0 -13.31687421303977 0
1075 -13.0 -13.313705470909373 0
1076 -13.0 -13.31056841620028 0
1077 -12.0 -13.297462732038277 73.79843647620018
1078 -18.0 -13.344488104717893 0
1079 -13.0 -13.341043223670715 0
1080 -12.0 -13.327632791434008 0
1081 -15.0 -13.344356463519668 0
1082 -15.0 -13.360912898884472 0
1083 -17.0 -13.397303769895627 0
1084 -10.0 -13.36333073219667 73.33103257878845
1085 -9.0 -13.319697424874704 0
1086 -17.0 -13.356500450625957 0
1087 -15.0 -13.372935446119698 0
1088 -17.0 -13.4092060916585 0
1089 -7.0 -13.345114030741916 0
1090 -13.0 -13.341662890434497 0
1091 -12.0 -13.32824626153015 73.32452038341832
1092 -17.0 -13.364963798914848 0
1093 -11.0 -13.3413141609257 0
1094 -15.0 -13.357901019316444 0
1095 -17.0 -13.394322009123279 0
1096 -15.0 -13.410378789032046 0
1097 -15.0 -13.426275001141727 0
1098 -17.0 -13.462012251130309 74.47292998611432
1099 -14.0 -13.467392128619007 0
1100 -12.0 -13.452718207332817 0
1101 -18.0 -13.498191025259487 0
1102 -12.0 -13.483209115006892 0
1103 -19.0 -13.538377023856823 0
1104 -16.0 -13.562993253618254 0
1105 -13.0 -13.557363321082072 75.99922918309389
1106 -12.0 -13.54178968787125 0
1107 -16.0 -13.566371790992537 0
1108 -18.0 -13.61070807308261 0
1109 -15.0 -13.624600992351786 0
1110 -9.0 -13.578354982428268 0
1111 -11.0 -13.552571432603985 0
1112 -10.0 -13.517045718277945 76.08574337866011
1113 -12.0 -13.501875261095165 0
1114 -18.0 -13.546856508484213 0
1115 -17.0 -13.58138794339937 0
1116 -17.0 -13.615574063965376 0
1117 -17.0 -13.649418323325722 0
1118 -18.0 -13.692924140092465 0
1119 -17.0 -13.72599489869154 76.1428796213576
1120 -18.0 -13.768734949704625 0
1121 -16.0 -13.791047600207579 0
1122 -13.0 -13.783137124205503 0
1123 -18.0 -13.825305752963446 0
1124 -17.0 -13.857052695433811 0
1125 -15.0 -13.868482168479474 0
1126 -16.0 -13.88979734679468 76.04876243620116
1127 -13.0 -13.880899373326734 0
1128 -12.0 -13.862090379593466 0
1129 -11.0 -13.83346947579753 0
1130 -15.0 -13.845134781039555 0
1131 -17.0 -13.876683433229159 0
1132 -12.0 -13.857916598896866 0
1133 -19.0 -13.909337432907897 75.62921036881414
1134 -15.0 -13.920244058578819 0
1135 -13.0 -13.911041617993032 0
1136 -15.0 -13.921931201813102 0
1137 -17.0 -13.952711889794971 0
1138 -16.0 -13.97318477089702 0
1139 -9.0 -13.92345292318805 0
1140 -15.0 -13.93421839395617 76.07858680589456
1141 -13.0 -13.92487621001661 0
1142 -12.0 -13.905627447916443 0
1143 -15.0 -13.916571173437278 0
1144 -19.0 -13.967405461702905 0
1145 -9.0 -13.917731407085876 0
1146 -7.0 -13.848554093015018 0
1147 -17.0 -13.880068552084868 75.96496731856972
1148 -15.0 -13.89126786656402 0
1149 -11.0 -13.862355187898379 0
1150 -18.0 -13.903731636019394 0
1151 -6.0 -13.824694319659201 0
1152 -15.0 -13.83644737646261 0
1153 -15.0 -13.848082902697984 0
1154 -16.0 -13.869602073671004 76.59169470521498
1155 -11.0 -13.840906052934294 0
1156 -12.0 -13.82249699240495 0
1157 -13.0 -13.814272022480901 0
1158 -11.0 -13.786129302256091 0
1159 -10.0 -13.748268009233529 0
1160 -15.0 -13.760785329141195 0
1161 -9.0 -13.713177475849783 76.83876961682118
1162 -9.0 -13.666045701091285 0
1163 -13.0 -13.659385244080372 0
1164 -8.0 -13.602791391639569 0
1165 -17.0 -13.636763477723173 0
1166 -15.0 -13.650395842945942 0
1167 -10.0 -13.613891884516482 0
1168 -14.0 -13.617752965671318 76.6032448510738
1169 -13.0 -13.611575436014606 0
1170 -17.0 -13.64545968165446 0
1171 -15.0 -13.659005084837915 0
1172 -16.0 -13.682415033989535 0
1173 -16.0 -13.70559088364964 0
1174 -12.0 -13.688534974813143 0
1175 -13.0 -13.681649625065011 76.23192502676599
1176 -18.0 -13.72483312881436 0
1177 -7.0 -13.657584797526217 0
1178 -15.0 -13.671008949550956 0
1179 -10.0 -13.634298860055445 0
1180 -14.0 -13.63795587145489 0
1181 -16.0 -13.661576312740342 0
1182 -16.0 -13.684960549612939 77.04595234527125
1183 -19.0 -13.738110944116809 0
1184 -14.0 -13.74072983467564 0
1185 -10.0 -13.703322536328884 0
1186 -15.0 -13.716289310965594 0
1187 -14.0 -13.71912641785594 0
1188 -17.0 -13.75193515367738 0
1189 -10.0 -13.714415802140605 76.71136958934778
1190 -11.0 -13.687271644119198 0
1191 -16.0 -13.710398927678005 0
1192 -17.0 -13.743294938401226 0
1193 -20.0 -13.805861989017213 0
1194 -19.0 -13.85780336912704 0
1195 -9.0 -13.80922533543577 0
1196 -9.0 -13.761133082081411 76.27873695076269
1197 -18.0 -13.803521751260597 0
1198 -12.0 -13.78548653374799 0
1199 -13.0 -13.77763166841051 0
1200 -9.0 -13.729855351726405 0
1201 -15.0 -13.742556798209142 0
1202 -18.0 -13.78513123022705 0
1203 -17.0 -13.817279917924779 76.20120753620192
1204 -15.0 -13.829107118745531 0
1205 -11.0 -13.800816047558076 0
1206 -12.0 -13.782807887082495 0
1207 -7.0 -13.71497980821167 0
1208 -15.0 -13.727830010129553 0
1209 -19.0 -13.780551710028258 0
1210 -17.0 -13.812746192927975 76.59566064963498
1211 -11.0 -13.784618730998695 0
1212 -19.0 -13.836772543688706 0
1213 -15.0 -13.848404818251819 0
1214 -11.0 -13.8199207700693 0
1215 -19.0 -13.871721562368608 0
1216 -16.0 -13.893004346744922 0
1217 -15.0 -13.904074303277474 76.47576049606612
1218 -19.0 -13.955033560244699 0
1219 -15.0 -13.965483224642252 0
1220 -14.0 -13.96582839239583 0
1221 -14.0 -13.966170108471871 0
1222 -19.0 -14.016508407387152 0
1223 -16.0 -14.03634332331328 0
1224 -17.0 -14.065979890080147 76.94583482039218
1225 -17.0 -14.095320091179346 0
1226 -15.0 -14.104366890267553 0
1227 -18.0 -14.143323221364877 0
1228 -16.0 -14.161889989151229 0
1229 -15.0 -14.170271089259717 0
1230 -20.0 -14.22856837836712 0
1231 -17.0 -14.256282694583449 76.47693850881267
1232 -19.0 -14.303719867637614 0
1233 -12.0 -14.280682668961237 0
1234 -12.0 -14.257875842271623 0
1235 -17.0 -14.285297083848906 0
1236 -17.0 -14.312444113010416 0
1237 -19.0 -14.35931967188031 0
1238 -16.0 -14.375726475161507 78.3340781583392
1239 -13.0 -14.361969210409892 0
1240 -6.0 -14.278349518305793 0
1241 -20.0 -14.335566023122734 0
1242 -17.0 -14.362210362891506 0
1243 -19.0 -14.40858825926259 0
1244 -17.0 -14.434502376669965 0
1245 -19.0 -14.480157352903264 78.16320325837128
1246 -8.0 -14.41535577937423 0
1247 -13.0 -14.401202221580489 0
1248 -19.0 -14.447190199364684 0
1249 -6.0 -14.362718297371037 0
1250 -16.0 -14.379091114397326 0
1251 -17.0 -14.405300203253352 0
1252 -19.0 -14.451247201220818 77.67907219432135
1253 -10.0 -14.40673472920861 0
1254 -17.0 -14.432667381916524 0
1255 -18.0 -14.468340708097358 0
1256 -12.0 -14.443657301016383 0
1257 -10.0 -14.399220728006219 0
1258 -18.0 -14.435228520726156 0
1259 -8.0 -14.370876235518894 77.58632385857821
1260 -16.0 -14.387167473163705 0
1261 -20.0 -14.443295798432068 0
1262 -11.0 -14.408862840447746 0
1263 -15.0 -14.41477421204327 0
1264 -8.0 -14.350626469922837 0
1265 -19.0 -14.397120205223608 0
1266 -16.0 -14.413149003171371 77.77050895213664
1267 -12.0 -14.389017513139656 0
1268 -14.0 -14.38512733800826 0
1269 -17.0 -14.411276064628177 0
1270 -12.0 -14.387163303981895 0
1271 -12.0 -14.363291670942075 0
1272 -13.0 -14.349658754232655 0
1273 -17.0 -14.376162166690328 78.09262958329121
1274 -16.0 -14.392400545023424 0
1275 -16.0 -14.40847653957319 0
1276 -17.0 -14.434391774177458 0
1277 -11.0 -14.400047856435682 0
1278 -2.0 -14.276047377871325 0
1279 -18.0 -14.313286904092612 0
1280 -17.0 -14.340154035051686 77.86919099269707
1281 -10.0 -14.296752494701169 0
1282 -18.0 -14.333784969754156 0
1283 -16.0 -14.350447120056614 0
1284 -16.0 -14.366942648856048 0
1285 -19.0 -14.413273222367486 0
1286 -11.0 -14.379140490143811 0
1287 -18.0 -14.415349085242372 78.32134719901349
1288 -7.0 -14.341195594389948 0
1289 -12.0 -14.317783638446047 0
1290 -12.0 -14.294605802061586 0
1291 -17.0 -14.32165974404097 0
1292 -17.0 -14.348443146600559 0
1293 -18.0 -14.384958715134553 0
1294 -13.0 -14.371109127983209 77.82133283922697
1295 -15.0 -14.377398036703378 0
1296 -17.0 -14.403624056336344 0
1297 -12.0 -14.37958781577298 0
1298 -17.0 -14.40579193761525 0
1299 -13.0 -14.391734018239099 0
1300 -19.0 -14.437816678056707 0
1301 -17.0 -14.46343851127614 77.4103160602946
1302 -10.0 -14.418804126163378 0
1303 -14.0 -14.414616084901745 0
1304 -12.0 -14.390469924052727 0
1305 -19.0 -14.436565224812199 0
1306 -16.0 -14.452199572564076 0
1307 -12.0 -14.427677576838434 0
1308 -21.0 -14.49340080107005 77.33816047379518
1309 -9.0 -14.43846679305935 0
1310 -21.0 -14.504082125128757 0
1311 -11.0 -14.46904130387747 0
1312 -21.0 -14.534350890838695 0
1313 -10.0 -14.489007381930307 0
1314 -15.0 -14.494117308111004 0
1315 -17.0 -14.519176135029895 77.17432201627393
1316 -15.0 -14.523984373679596 0
1317 -19.0 -14.5687445299428 0
1318 -14.0 -14.563057084643372 0
1319 -13.0 -14.547426513796939 0
1320 -16.0 -14.561952248658969 0
1321 -18.0 -14.59633272617238 0
1322 -15.0 -14.600369398910656 76.851434812813
1323 -5.0 -14.50436570492155 0
1324 -5.0 -14.409322047872335 0
1325 -10.0 -14.365228827393612 0
1326 -13.0 -14.351576539119677 0
1327 -17.0 -14.37806077372848 0
1328 -9.0 -14.324280165991196 0
1329 -17.0 -14.351037364331283 77.16759463343276
1330 -16.0 -14.36752699068797 0
1331 -13.0 -14.353851720781092 0
1332 -19.0 -14.400313203573281 0
1333 -13.0 -14.38631007153755 0
1334 -17.0 -14.412446970822174 0
1335 -19.0 -14.458322501113951 0
1336 -15.0 -14.463739276102812 76.68910727342337
1337 -13.0 -14.449101883341784 0
1338 -15.0 -14.454610864508366 0
1339 -11.0 -14.420064755863281 0
1340 -8.0 -14.35586410830465 0
1341 -19.0 -14.402305467221602 0
1342 -17.0 -14.428282412549386 0
1343 -12.0 -14.403999588423892 76.50414904430983
1344 -21.0 -14.469959592539654 0
1345 -17.0 -14.495259996614257 0
1346 -17.0 -14.520307396648114 0
1347 -20.0 -14.575104322681632 0
1348 -18.0 -14.609353279454815 0
1349 -14.0 -14.603259746660267 0
1350 -17.0 -14.627227149193665 75.87365710130798
1351 -17.0 -14.650954877701729 0
1352 -13.0 -14.634445328924713 0
1353 -14.0 -14.628100875635466 0
1354 -10.0 -14.581819866879112 0
1355 -16.0 -14.59600166821032 0
1356 -13.0 -14.580041651528218 0
1357 -18.0 -14.614241235012935 75.43767506304322
1358 -17.0 -14.638098822662805 0
1359 -13.0 -14.621717834436177 0
1360 -17.0 -14.645500656091816 0
1361 -16.0 -14.659045649530897 0
1362 -7.0 -14.582455193035589 0
1363 -17.0 -14.606630641105232 0
1364 -13.0 -14.59056433469418 76.14941738685307
1365 -16.0 -14.604658691347238 0
1366 -12.0 -14.578612104433764 0
1367 -18.0 -14.612825983389426 0
1368 -11.0 -14.576697723555531 0
1369 -14.0 -14.570930746319977 0
1370 -9.0 -14.515221438856777 0
1371 -19.0 -14.560069224468208 76.20045723678838
1372 -15.0 -14.564468532223525 0
1373 -19.0 -14.60882384690129 0
1374 -17.0 -14.632735608432277 0
1375 -15.0 -14.636408252347955 0
1376 -15.0 -14.640044169824476 0
1377 -17.0 -14.663643728126232 0
1378 -12.0 -14.637007290844968 76.76451648730023
1379 -17.0 -14.660637217936518 0
1380 -16.0 -14.674030845757153 0
1381 -18.0 -14.707290537299581 0
1382 -16.0 -14.720217631926586 0
1383 -12.0 -14.693015455607318 0
1384 -15.0 -14.696085301051244 0
1385 -15.0 -14.699124448040733 76.9643861521141
1386 -15.0 -14.702133203560326 0
1387 -13.0 -14.685111871524724 0
1388 -15.0 -14.688260752809477 0
1389 -18.0 -14.721378145281381 0
1390 -12.0 -14.694164363828566 0
1391 -19.0 -14.73722272019028 0
1392 -17.0 -14.759850492988377 76.44337350043168
1393 -12.0 -14.732251988058493 0
1394 -13.0 -14.714929468177909 0
1395 -17.0 -14.737780173496128 0
1396 -11.0 -14.700402371761166 0
1397 -14.0 -14.693398348043555 0
1398 -16.0 -14.70646436456312 0
1399 -12.0 -14.679399720917488 76.46951865811984
1400 -17.0 -14.702605723708313 0
1401 -17.0 -14.72557966647123 0
1402 -14.0 -14.718323869806518 0
1403 -17.0 -14.741140631108452 0
1404 -16.0 -14.753729224797368 0
1405 -21.0 -14.816191932549396 0
1406 -19.0 -14.858030013223901 76.30017907154117
1407 -13.0 -14.839449713091662 0
1408 -14.0 -14.831055215960745 0
1409 -21.0 -14.892744663801139 0
1410 -19.0 -14.933817217163126 0
1411 -16.0 -14.944479044991494 0
1412 -16.0 -14.95503425454158 0
1413 -9.0 -14.895483911996164 76.17582603591062
1414 -17.0 -14.916529072876202 0
1415 -15.0 -14.91736378214744 0
1416 -14.0 -14.908190144325966 0
1417 -17.0 -14.929108242882705 0
1418 -16.0 -14.939817160453877 0
1419 -17.0 -14.960418988849339 0
1420 -18.0 -14.990814798960844 75.78070382186327
1421 -13.0 -14.970906650971237 0
1422 -13.0 -14.951197584461525 0
1423 -7.0 -14.87168560861691 0
1424 -17.0 -14.89296875253074 0
1425 -18.0 -14.924039065005433 0
1426 -14.0 -14.914798674355378 0
1427 -12.0 -14.885650687611824 75.77679659397047
1428 -21.0 -14.946794180735706 0
1429 -11.0 -14.907326238928349 0
1430 -10.0 -14.858252976539065 0
1431 -9.0 -14.799670446773675 0
1432 -18.0 -14.831673742305938 0
1433 -10.0 -14.783357004882879 0
1434 -15.0 -14.78552343483405 75.41764903219482
1435 -14.0 -14.777668200485708 0
1436 -19.0 -14.819891518480851 0
1437 -13.0 -14.801692603296043 0
1438 -12.0 -14.773675677263082 0
1439 -19.0 -14.815938920490451 0
1440 -9.0 -14.757779531285546 0
1441 -10.0 -14.71020173597269 74.95432071698418
1442 -17.0 -14.733099718612964 0
1443 -10.0 -14.685768721426834 0
1444 -13.0 -14.668911034212567 0
1445 -13.0 -14.652221923870442 0
1446 -13.0 -14.635699704631739 0
1447 -18.0 -14.66934270758542 0
1448 -16.0 -14.682649280509565 74.86724865145254
1449 -14.0 -14.67582278770447 0
1450 -19.0 -14.719064559827425 0
1451 -16.0 -14.731873914229151 0
1452 -14.0 -14.724555175086861 0
1453 -19.0 -14.767309623335992 0
1454 -15.0 -14.769636527102632 0
1455 -14.0 -14.761940161831607 74.52271824287932
1456 -7.0 -14.684320760213291 0
1457 -19.0 -14.727477552611157 0
1458 -16.0 -14.740202777085045 0
1459 -17.0 -14.762800749314195 0
1460 -12.0 -14.735172741821053 0
1461 -13.0 -14.717821014402842 0
1462 -11.0 -14.680642804258813 75.92173861376655
1463 -17.0 -14.703836376216225 0
1464 -17.0 -14.726798012454063 0
1465 -19.0 -14.769530032329522 0
1466 -15.0 -14.771834732006226 0
1467 -13.0 -14.754116384686165 0
1468 -21.0 -14.816575220839304 0
1469 -18.0 -14.84840946863091 76.16175583056919
1470 -13.0 -14.829925373944603 0
1471 -11.0 -14.791626120205155 0
1472 -15.0 -14.793709859003103 0
1473 -15.0 -14.795772760413072 0
1474 -16.0 -14.807815032808941 0
1475 -19.0 -14.849736882480851 0
1476 -10.0 -14.801239513656043 76.603255084359
1477 -14.0 -14.793227118519482 0
1478 -14.0 -14.785294847334288 0
1479 -13.0 -14.767441898860946 0
1480 -12.0 -14.739767479872336 0
1481 -7.0 -14.662369805073613 0
1482 -13.0 -14.645746107022878 0
1483 -17.0 -14.66928864595265 76.96902527056896
1484 -19.0 -14.712595759493123 0
1485 -19.0 -14.75546980189819 0
1486 -19.0 -14.797915103879207 0
1487 -15.0 -14.799935952840416 0
1488 -12.0 -14.771936593312011 0
1489 -16.0 -14.78421722737889 0
1490 -15.0 -14.786375055105102 76.95975042878558
1491 -15.0 -14.788511304554051 0
1492 -11.0 -14.750626191508509 0
1493 -15.0 -14.753119929593424 0
1494 -20.0 -14.805588730297488 0
1495 -15.0 -14.807532842994513 0
1496 -18.0 -14.839457514564568 0
1497 -16.0 -14.851062939418922 76.50523750956911
1498 -17.0 -14.872552310024732 0
1499 -19.0 -14.913826786924483 0
1500 -19.0 -14.954688519055237 0
1501 -11.0 -14.915141633864684 0
1502 -16.0 -14.925990217526037 0
1503 -17.0 -14.946730315350777 0
1504 -11.0 -14.90726301219727 76.54623048029522
1505 -21.0 -14.968190382075298 0
1506 -19.0 -15.008508478254544 0
1507 -19.0 -15.048423393471998 0
1508 -15.0 -15.047939159537277 0
1509 -16.0 -15.057459767941904 0
1510 -17.0 -15.076885170262484 0
1511 -15.0 -15.07611631855986 76.01897603313667
1512 -11.0 -15.03535515537426 0
1513 -16.0 -15.045001603820518 0
1514 -17.0 -15.064551587782313 0
1515 -11.0 -15.02390607190449 0
1516 -11.0 -14.983667011185444 0
1517 -17.0 -15.00383034107359 0
1518 -11.0 -14.963792037662852 75.77041449975378
1519 -16.0 -14.974154117286224 0
1520 -15.0 -14.974412576113362 0
1521 -13.0 -14.95466845035223 0
1522 -19.0 -14.995121765848706 0
1523 -13.0 -14.97517054819022 0
1524 -12.0 -14.945418842708317 0
1525 -5.0 -14.845964654281234 75.91799733381926
1526 -18.0 -14.87750500773842 0
1527 -17.0 -14.898729957661036 0
1528 -13.0 -14.879742658084426 0
1529 -16.0 -14.890945231503583 0
1530 -21.0 -14.952035779188547 0
1531 -16.0 -14.962515421396661 0
1532 -17.0 -14.982890267182695 75.39760689227899
1533 -14.0 -14.973061364510869 0
1534 -17.0 -14.993330750865761 0
1535 -18.0 -15.023397443357103 0
1536 -11.0 -14.983163468923532 0
1537 -15.0 -14.983331834234297 0
1538 -15.0 -14.983498515891954 0
1539 -10.0 -14.933663530733034 75.76264345224733
1540 -3.0 -14.814326895425703 0
1541 -13.0 -14.796183626471446 0
1542 -19.0 -14.838221790206731 0
1543 -15.0 -14.839839572304664 0
1544 -17.0 -14.861441176581616 0
1545 -13.0 -14.8428267648158 0
1546 -17.0 -14.864398497167642 75.45605979208813
1547 -11.0 -14.825754512195964 0
1548 -19.0 -14.867496967074004 0
1549 -9.0 -14.808821997403264 0
1550 -16.0 -14.820733777429231 0
1551 -15.0 -14.822526439654938 0
1552 -17.0 -14.844301175258389 0
1553 -17.0 -14.865858163505806 75.2632497162814
1554 -5.0 -14.767199581870749 0
1555 -13.0 -14.749527586052041 0
1556 -9.0 -14.69203231019152 0
1557 -13.0 -14.675111987089606 0
1558 -11.0 -14.63836086721871 0
1559 -17.0 -14.661977258546523 0
1560 -16.0 -14.675357485961058 75.59784755456488
1561 -7.0 -14.598603911101447 0
1562 -13.0 -14.582617871990433 0
1563 -15.0 -14.586791693270529 0
1564 -15.0 -14.590923776337824 0
1565 -17.0 -14.615014538574446 0
1566 -18.0 -14.6488643931887 0
1567 -11.0 -14.612375749256813 75.51507240900764
1568 -17.0 -14.636251991764246 0
1569 -12.0 -14.609889471846602 0
1570 -13.0 -14.593790577128136 0
1571 -16.0 -14.607852671356854 0
1572 -18.0 -14.641774144643286 0
1573 -13.0 -14.625356403196854 0
1574 -19.0 -14.669102839164884 75.89733485770341
1575 -12.0 -14.642411810773234 0
1576 -19.0 -14.6859876926655 0
1577 -10.0 -14.639127815738846 0
1578 -11.0 -14.602736537581457 0
1579 -9.0 -14.546709172205642 0
1580 -14.0 -14.541242080483586 0
1581 -12.0 -14.515829659678749 75.67774298905348
1582 -15.0 -14.520671363081961 0
1583 -15.0 -14.525464649451141 0
1584 -12.0 -14.50021000295663 0
1585 -19.0 -14.545207902927062 0
1586 -18.0 -14.579755823897791 0
1587 -11.0 -14.543958265658812 0
1588 -17.0 -14.568518683002225 77.4455349960227
1589 -19.0 -14.612833496172202 0
1590 -15.0 -14.616705161210481 0
1591 -15.0 -14.620538109598376 0
1592 -8.0 -14.554332728502393 0
1593 -13.0 -14.53878940121737 0
1594 -18.0 -14.573401507205196 0
1595 -7.0 -14.497667492133143 77.48302804469031
1596 -19.0 -14.542690817211811 0
1597 -17.0 -14.567263909039694 0
1598 -16.0 -14.581591269949296 0
1599 -14.0 -14.575775357249803 0
1600 -6.0 -14.490017603677305 0
1601 -21.0 -14.555117427640534 0
1602 -14.0 -14.549566253364128 78.16801766415978
1603 -10.0 -14.504070590830487 0
1604 -19.0 -14.54902988492218 0
1605 -19.0 -14.593539586072959 0
1606 -13.0 -14.577604190212229 0
1607 -16.0 -14.591828148310107 0
1608 -13.0 -14.575909866827006 0
1609 -17.0 -14.600150768158736 79.08030389502598
1610 -10.0 -14.554149260477148 0
1611 -17.0 -14.578607767872377 0
1612 -11.0 -14.542821690193653 0
1613 -21.0 -14.607393473291717 0
1614 -15.0 -14.6113195385588 0
1615 -13.0 -14.595206343173212 0
1616 -17.0 -14.61925427974148 79.19167755671813
1617 -19.0 -14.663061736944064 0
1618 -9.0 -14.606431119574623 0
1619 -14.0 -14.600366808378878 0
1620 -21.0 -14.66436314029509 0
1621 -18.0 -14.697719508892138 0
1622 -16.0 -14.710742313803218 0
1623 -14.0 -14.703634890665185 78.83847782079725
1624 -9.0 -14.646598541758532 0
1625 -15.0 -14.650132556340948 0
1626 -17.0 -14.673631230777538 0
1627 -17.0 -14.696894918469763 0
1628 -13.0 -14.679925969285065 0
1629 -21.0 -14.743126709592216 0
1630 -19.0 -14.785695442496294 79.02615074492252
1631 -11.0 -14.74783848807133 0
1632 -17.0 -14.770360103190617 0
1633 -17.0 -14.79265650215871 0
1634 -10.0 -14.744729937137123 0
1635 -13.0 -14.727282637765752 0
1636 -17.0 -14.750009811388095 0
1637 -17.0 -14.772509713274214 78.87208873179702
1638 -17.0 -14.794784616141472 0
1639 -15.0 -14.796836769980057 0
1640 -19.0 -14.838868402280257 0
1641 -17.0 -14.860479718257453 0
1642 -18.0 -14.891874921074878 0
1643 -18.0 -14.92295617186413 0
1644 -16.0 -14.933726610145488 79.26792397572063
1645 -15.0 -14.934389344044034 0
1646 -9.0 -14.875045450603594 0
1647 -17.0 -14.896294996097557 0
1648 -15.0 -14.897332046136581 0
1649 -13.0 -14.878358725675216 0
1650 -12.0 -14.849575138418464 0
1651 -12.0 -14.821079387034278 78.88569788394999
1652 -10.0 -14.772868593163935 0
1653 -16.0 -14.785139907232296 0
1654 -5.0 -14.687288508159973 0
1655 -17.0 -14.710415623078374 0
1656 -12.0 -14.68331146684759 0
1657 -14.0 -14.676478352179114 0
1658 -18.0 -14.709713568657323 78.50401375718832
1659 -19.0 -14.752616432970749 0
1660 -19.0 -14.79509026864104 0
1661 -15.0 -14.79713936595463 0
1662 -12.0 -14.769167972295083 0
1663 -16.0 -14.781476292572131 0
1664 -11.0 -14.74366152964641 0
1665 -17.0 -14.766224914349946 78.13369268687477
1666 -17.0 -14.788562665206447 0
1667 -16.0 -14.800677038554383 0
1668 -20.0 -14.852670268168838 0
1669 -19.0 -14.894143565487148 0
1670 -14.0 -14.885202129832278 0
1671 -11.0 -14.846350108533954 0
1672 -14.0 -14.837886607448615 77.78300512667319
1673 -14.0 -14.82950774137413 0
1674 -17.0 -14.851212663960387 0
1675 -10.0 -14.802700537320783 0
1676 -10.0 -14.754673531947574 0
1677 -18.0 -14.787126796628097 0
1678 -14.0 -14.779255528661817 0
1679 -15.0 -14.7814629733752 77.37328520243125
1680 -19.0 -14.823648343641448 0
1681 -16.0 -14.835411860205033 0
1682 -16.0 -14.847057741602983 0
1683 -17.0 -14.868587164186954 0
1684 -15.0 -14.869901292545084 0
1685 -15.0 -14.871202279619633 0
1686 -20.0 -14.922490256823435 77.40728393445501
1687 -19.0 -14.963265354255201 0
1688 -17.0 -14.983632700712649 0
1689 -17.0 -15.003796373705523 0
1690 -16.0 -15.013758409968467 0
1691 -20.0 -15.063620825868782 0
1692 -16.0 -15.072984617610095 0
1693 -17.0 -15.092254771433993 76.88293021100857
1694 -12.0 -15.061332223719653 0
1695 -15.0 -15.060718901482456 0
1696 -17.0 -15.080111712467632 0
1697 -16.0 -15.089310595342956 0
1698 -13.0 -15.068417489389528 0
1699 -13.0 -15.047733314495634 0
1700 -16.0 -15.057255981350679 76.8597040622461
1701 -17.0 -15.076683421537172 0
1702 -12.0 -15.0459165873218 0
1703 -16.0 -15.055457421448581 0
1704 -7.0 -14.974902847234096 0
1705 -19.0 -15.015153818761755 0
1706 -19.0 -15.055002280574136 0
1707 -9.0 -14.994452257768394 76.42532760548171
1708 -17.0 -15.01450773519071 0
1709 -18.0 -15.044362657838803 0
1710 -17.0 -15.063919031260415 0
1711 -15.0 -15.06327984094781 0
1712 -18.0 -15.092647042538331 0
1713 -19.0 -15.131720572112947 0
1714 -20.0 -15.180403366391817 76.78760919833836
1715 -16.0 -15.188599332727899 0
1716 -19.0 -15.22671333940062 0
1717 -10.0 -15.174446206006612 0
1718 -19.0 -15.212701743946546 0
1719 -11.0 -15.17057472650708 0
1720 -8.0 -15.09886897924201 0
1721 -15.0 -15.09788028944959 76.78178381949587
1722 -19.0 -15.136901486555093 0
1723 -16.0 -15.145532471689542 0
1724 -16.0 -15.154077146972647 0
1725 -15.0 -15.15253637550292 0
1726 -15.0 -15.151011011747892 0
1727 -18.0 -15.179500901630412 0
1728 -12.0 -15.147705892614107 76.34293126211979
1729 -15.0 -15.146228833687966 0
1730 -16.0 -15.154766545351086 0
1731 -15.0 -15.153218879897574 0
1732 -11.0 -15.111686691098598 0
1733 -17.0 -15.130569824187612 0
1734 -17.0 -15.149264125945736 0
1735 -13.0 -15.12777148468628 76.369826017107
1736 -15.0 -15.126493769839417 0
1737 -21.0 -15.185228832141023 0
1738 -19.0 -15.223376543819612 0
1739 -14.0 -15.211142778381415 0
1740 -16.0 -15.2190313505976 0
1741 -16.0 -15.226841037091624 0
1742 -16.0 -15.234572626720707 76.54493939048899
1743 -16.0 -15.2422269004535 0
1744 -13.0 -15.219804631448966 0
1745 -17.0 -15.237606585134476 0
1746 -19.0 -15.27523051928313 0
1747 -18.0 -15.3024782140903 0
1748 -15.0 -15.299453431949397 0
1749 -19.0 -15.336458897629901 76.32234234736916
1750 -12.0 -15.303094308653602 0
1751 -18.0 -15.330063365567066 0
1752 -15.0 -15.326762731911396 0
1753 -18.0 -15.353495104592282 0
1754 -15.0 -15.349960153546359 0
1755 -17.0 -15.366460552010896 0
1756 -17.0 -15.382795946490786 76.37589337718617
1757 -7.0 -15.298967987025879 0
1758 -17.0 -15.31597830715562 0
1759 -13.0 -15.292818524084064 0
1760 -19.0 -15.329890338843223 0
1761 -10.0 -15.27659143545479 0
1762 -17.0 -15.293825521100242 0
1763 -14.0 -15.28088726588924 76.0324647392262
1764 -20.0 -15.328078393230346 0
1765 -13.0 -15.304797609298044 0
1766 -11.0 -15.261749633205064 0
1767 -14.0 -15.249132136873014 0
1768 -19.0 -15.286640815504283 0
1769 -12.0 -15.253774407349239 0
1770 -14.0 -15.241236663275746 75.65879486917397
1771 -11.0 -15.198824296642988 0
1772 -11.0 -15.156836053676557 0
1773 -16.0 -15.165267693139791 0
1774 -16.0 -15.173615016208393 0
1775 -18.0 -15.20187886604631 0
1776 -17.0 -15.219860077385846 0
1777 -17.0 -15.237661476611986 75.42837483701277
1778 -15.0 -15.235284861845868 0
1779 -20.0 -15.282932013227407 0
1780 -17.0 -15.300102693095132 0
1781 -12.0 -15.26710166616418 0
1782 -16.0 -15.274430649502538 0
1783 -15.0 -15.271686343007513 0
1784 -14.0 -15.258969479577438 75.68851140520832
1785 -19.0 -15.296379784781664 0
1786 -17.0 -15.313415986933848 0
1787 -15.0 -15.31028182706451 0
1788 -19.0 -15.347179008793864 0
1789 -15.0 -15.343707218705925 0
1790 -16.0 -15.350270146518865 0
1791 -13.0 -15.326767445053676 75.94176883612343
1792 -11.0 -15.283499770603138 0
1793 -16.0 -15.290664772897106 0
1794 -15.0 -15.287758125168136 0
1795 -20.0 -15.334880543916453 0
1796 -17.0 -15.351531738477288 0
1797 -12.0 -15.318016421092514 0
1798 -16.0 -15.32483625688159 76.02751446398376
1799 -19.0 -15.361587894312773 0
1800 -18.0 -15.387972015369645 0
1801 -15.0 -15.384092295215948 0
1802 -13.0 -15.36025137226379 0
1803 -9.0 -15.29664885854115 0
1804 -17.0 -15.313682369955739 0
1805 -17.0 -15.33054554625618 75.7816550661279
1806 -13.0 -15.30724009079362 0
1807 -15.0 -15.304167689885684 0
1808 -14.0 -15.291126012986828 0
1809 -19.0 -15.328214752856958 0
1810 -19.0 -15.364932605328388 0
1811 -21.0 -15.421283279275105 0
1812 -13.0 -15.397070446482354 75.30297165081835
1813 -19.0 -15.43309974201753 0
1814 -10.0 -15.378768744597355 0
1815 -19.0 -15.414981057151381 0
1816 -17.0 -15.430831246579867 0
1817 -15.0 -15.426522934114068 0
1818 -19.0 -15.462257704772927 0
1819 -10.0 -15.407635127725198 75.36475801924553
1820 -15.0 -15.403558776447946 0
1821 -12.0 -15.369523188683466 0
1822 -18.0 -15.395827956796632 0
1823 -17.0 -15.411869677228665 0
1824 -16.0 -15.417750980456379 0
1825 -16.0 -15.423573470651815 0
1826 -20.0 -15.469337735945297 76.87530429090657
1827 -17.0 -15.484644358585843 0
1828 -20.0 -15.529797914999984 0
1829 -15.0 -15.524499935849985 0
1830 -15.0 -15.519254936491485 0
1831 -7.0 -15.43406238712657 0
1832 -9.0 -15.369721763255304 0
1833 -15.0 -15.366024545622752 76.45830201519564
1834 -19.0 -15.402364300166523 0
1835 -17.0 -15.418340657164858 0
1836 -21.0 -15.47415725059321 0
1837 -18.0 -15.499415678087278 0
1838 -16.0 -15.504421521306405 0
1839 -16.0 -15.509377306093342 0
1840 -18.0 -15.534283533032408 75.99509036341848
1841 -21.0 -15.588940697702084 0
1842 -17.0 -15.603051290725062 0
1843 -17.0 -15.617020777817812 0
1844 -14.0 -15.600850570039634 0
1845 -16.0 -15.604842064339238 0
1846 -15.0 -15.598793643695846 0
1847 -12.0 -15.562805707258887 75.4220661413858
1848 -20.0 -15.607177650186298 0
1849 -15.0 -15.601105873684435 0
1850 -17.0 -15.615094814947591 0
1851 -15.0 -15.608943866798116 0
1852 -13.0 -15.582854428130135 0
1853 -18.0 -15.607025883848832 0
1854 -17.0 -15.620955625010344 75.91548560785398
1855 -14.0 -15.60474606876024 0
1856 -13.0 -15.578698608072639 0
1857 -19.0 -15.61291162199191 0
1858 -6.0 -15.516782505771992 0
1859 -13.0 -15.491614680714273 0
1860 -17.0 -15.50669853390713 0
1861 -13.0 -15.481631548568059 75.568294140154
1862 -13.0 -15.456815233082379 0
1863 -19.0 -15.492247080751554 0
1864 -9.0 -15.427324609944037 0
1865 -21.0 -15.483051363844597 0
1866 -20.0 -15.52822085020615 0
1867 -17.0 -15.542938641704088 0
1868 -17.0 -15.557509255287048 75.23182689949208
1869 -10.0 -15.501934162734177 0
1870 -20.0 -15.546914821106833 0
1871 -8.0 -15.471445672895765 0
1872 -18.0 -15.496731216166808 0
1873 -19.0 -15.531763904005139 0
1874 -17.0 -15.546446264965088 0
1875 -21.0 -15.600981802315438 75.00437722968591
1876 -10.0 -15.544971984292284 0
1877 -16.0 -15.549522264449362 0
1878 -17.0 -15.564027041804868 0
1879 -13.0 -15.53838677138682 0
1880 -10.0 -15.483002903672952 0
1881 -15.0 -15.478172874636224 0
1882 -18.0 -15.50339114588986 74.61153608931373
1883 -15.0 -15.498357234430962 0
1884 -20.0 -15.543373662086651 0
1885 -19.0 -15.577939925465785 0
1886 -19.0 -15.612160526211126 0
1887 -20.0 -15.656038920949014 0
1888 -14.0 -15.639478531739524 0
1889 -19.0 -15.673083746422128 74.34888243188213
1890 -17.0 -15.686352908957906 0
1891 -17.0 -15.699489379868327 0
1892 -15.0 -15.692494486069643 0
1893 -13.0 -15.665569541208948 0
1894 -13.0 -15.638913845796859 0
1895 -19.0 -15.672524707338889 0
1896 -20.0 -15.7157994602655 75.37609197786728
1897 -17.0 -15.728641465662843 0
1898 -17.0 -15.741355051006215 0
1899 -14.0 -15.723941500496153 0
1900 -16.0 -15.72670208549119 0
1901 -15.0 -15.71943506463628 0
1902 -17.0 -15.732240713989917 0
1903 -19.0 -15.764918306850017 74.91466710797255
1904 -19.0 -15.797269123781517 0
1905 -16.0 -15.799296432543702 0
1906 -13.0 -15.771303468218266 0
1907 -15.0 -15.763590433536082 0
1908 -14.0 -15.745954529200722 0
1909 -14.0 -15.728494983908714 0
1910 -17.0 -15.741210034069626 74.40603241336484
1911 -17.0 -15.75379793372893 0
1912 -14.0 -15.73625995439164 0
1913 -19.0 -15.768897354847724 0
1914 -11.0 -15.721208381299245 0
1915 -16.0 -15.723996297486252 0
1916 -8.0 -15.64675633451139 0
1917 -18.0 -15.670288771166275 75.97409687516948
1918 -7.0 -15.583585883454612 0
1919 -16.0 -15.587750024620066 0
1920 -18.0 -15.611872524373865 0
1921 -19.0 -15.645753799130127 0
1922 -18.0 -15.669296261138825 0
1923 -19.0 -15.702603298527437 0
1924 -15.0 -15.695577265542163 75.66251666890822
1925 -14.0 -15.678621492886741 0
1926 -18.0 -15.701835277957873 0
1927 -18.0 -15.724816925178294 0
1928 -15.0 -15.71756875592651 0
1929 -20.0 -15.760393068367245 0
1930 -17.0 -15.772789137683572 0
1931 -15.0 -15.765061246306736 75.39028891597567
1932 -13.0 -15.73741063384367 0
1933 -17.0 -15.750036527505232 0
1934 -20.0 -15.79253616223018 0
1935 -9.0 -15.724610800607877 0
1936 -16.0 -15.727364692601798 0
1937 -17.0 -15.74009104567578 0
1938 -18.0 -15.762690135219021 74.8964266559185
1939 -18.0 -15.78506323386683 0
1940 -15.0 -15.777212601528163 0
1941 -15.0 -15.769440475512882 0
1942 -16.0 -15.771746070757754 0
1943 -13.0 -15.744028610050178 0
1944 -14.0 -15.726588323949676 0
1945 -8.0 -15.64932244071018 74.29239214539236
1946 -13.0 -15.622829216303078 0
1947 -15.0 -15.616600924140048 0
1948 -20.0 -15.660434914898646 0
1949 -13.0 -15.63383056574966 0
1950 -19.0 -15.667492260092162 0
1951 -19.0 -15.70081733749124 0
1952 -18.0 -15.723809164116327 73.97277243739022
1953 -15.0 -15.716571072475164 0
1954 -6.0 -15.619405361750413 0
1955 -16.0 -15.623211308132909 0
1956 -13.0 -15.596979195051581 0
1957 -18.0 -15.621009403101064 0
1958 -16.0 -15.624799309070054 0
1959 -13.0 -15.598551315979355 73.71050762503556
1960 -15.0 -15.592565802819562 0
1961 -17.0 -15.606640144791367 0
1962 -17.0 -15.620573743343453 0
1963 -13.0 -15.594368005910018 0
1964 -15.0 -15.588424325850918 0
1965 -12.0 -15.552540082592408 0
1966 -18.0 -15.577014681766483 73.46610615163284
1967 -12.0 -15.541244534948818 0
1968 -7.0 -15.45583208959933 0
1969 -17.0 -15.471273768703336 0
1970 -17.0 -15.486561031016302 0
1971 -20.0 -15.53169542070614 0
1972 -12.0 -15.496378466499078 0
1973 -15.0 -15.491414681834087 73.09709752764053
1974 -21.0 -15.546500535015747 0
1975 -13.0 -15.52103552966559 0
1976 -18.0 -15.545825174368934 0
1977 -16.0 -15.550366922625244 0
1978 -13.0 -15.524863253398992 0
1979 -14.0 -15.509614620865003 0
1980 -17.0 -15.524518474656352 72.90833124891854
1981 -19.0 -15.559273289909788 0
1982 -11.0 -15.513680557010689 0
1983 -17.0 -15.528543751440582 0
1984 -12.0 -15.493258313926175 0
1985 -16.0 -15.498325730786913 0
1986 -17.0 -15.513342473479044 0
1987 -19.0 -15.548209048744253 73.06202392430016
1988 -9.0 -15.48272695825681 0
1989 -17.0 -15.497899688674242 0
1990 -14.0 -15.4829206917875 0
1991 -15.0 -15.478091484869626 0
1992 -18.0 -15.503310570020929 0
1993 -16.0 -15.50827746432072 0
1994 -19.0 -15.543194689677513 73.13776898137027
1995 -14.0 -15.52776274278074 0
1996 -17.0 -15.542485115352932 0
1997 -17.0 -15.557060264199402 0
1998 -14.0 -15.541489661557408 0
1999 -18.0 -15.566074764941833 0
