0 -21.0 -21.0 0
1 -21.0 -21.0 0
2 -21.0 -21.0 0
3 -21.0 -21.0 0
4 -21.0 -21.0 0
5 -21.0 -21.0 0
6 -21.0 -21.0 0
7 -21.0 -21.0 0
8 -19.0 -20.98 0
9 -21.0 -20.9802 2.1313509179928887
10 -19.0 -20.960398 0
11 -21.0 -20.96079402 0
12 -21.0 -20.9611860798 0
13 -21.0 -20.961574219002003 0
14 -21.0 -20.961958476811983 0
15 -21.0 -20.962338892043864 0
16 -20.0 -20.952715503123425 0
17 -21.0 -20.95318834809219 0
18 -21.0 -20.95365646461127 0
19 -20.0 -20.94411989996516 3.56879022835797
20 -21.0 -20.944678700965508 0
21 -21.0 -20.945231913955855 0
22 -21.0 -20.945779594816297 0
23 -19.0 -20.926321798868134 0
24 -20.0 -20.917058580879452 0
25 -20.0 -20.907887995070656 0
26 -20.0 -20.89880911511995 0
27 -20.0 -20.88982102396875 0
28 -20.0 -20.88092281372906 0
29 -20.0 -20.87211358559177 4.679847225546969
30 -18.0 -20.843392449735852 0
31 -21.0 -20.844958525238493 0
32 -21.0 -20.84650893998611 0
33 -21.0 -20.848043850586247 0
34 -21.0 -20.849563412080386 0
35 -21.0 -20.85106777795958 0
36 -21.0 -20.852557100179986 0
37 -19.0 -20.834031529178187 0
38 -21.0 -20.835691213886406 0
39 -21.0 -20.837334301747543 5.8786825710150055
40 -21.0 -20.83896095873007 0
41 -21.0 -20.84057134914277 0
42 -21.0 -20.842165635651345 0
43 -19.0 -20.823743979294832 0
44 -21.0 -20.825506539501884 0
45 -21.0 -20.827251474106866 0
46 -21.0 -20.8289789593658 0
47 -21.0 -20.830689169772143 0
48 -21.0 -20.832382278074423 0
49 -21.0 -20.83405845529368 6.022337373925629
50 -21.0 -20.835717870740744 0
51 -20.0 -20.827360692033334 0
52 -20.0 -20.819087085113 0
53 -21.0 -20.82089621426187 0
54 -20.0 -20.81268725211925 0
55 -21.0 -20.81456037959806 0
56 -21.0 -20.81641477580208 0
57 -21.0 -20.81825062804406 0
58 -21.0 -20.82006812176362 0
59 -20.0 -20.81186744054598 7.406688802780025
60 -21.0 -20.813748766140524 0
61 -21.0 -20.815611278479118 0
62 -19.0 -20.797455165694327 0
63 -21.0 -20.799480614037385 0
64 -21.0 -20.801485807897013 0
65 -21.0 -20.803470949818042 0
66 -21.0 -20.805436240319864 0
67 -21.0 -20.807381877916665 0
68 -21.0 -20.8093080591375 0
69 -20.0 -20.801214978546124 7.565010726222519
70 -21.0 -20.803202828760664 0
71 -20.0 -20.795170800473056 0
72 -21.0 -20.797219092468325 0
73 -20.0 -20.789246901543642 0
74 -21.0 -20.791354432528205 0
75 -21.0 -20.793440888202923 0
76 -21.0 -20.795506479320895 0
77 -21.0 -20.797551414527685 0
78 -20.0 -20.789575900382406 0
79 -20.0 -20.78168014137858 9.301128051668732
80 -20.0 -20.773863339964795 0
81 -21.0 -20.77612470656515 0
82 -21.0 -20.7783634594995 0
83 -21.0 -20.780579824904503 0
84 -19.0 -20.76277402665546 0
85 -19.0 -20.745146286388906 0
86 -21.0 -20.747694823525016 0
87 -21.0 -20.750217875289767 0
88 -21.0 -20.75271569653687 0
89 -21.0 -20.755188539571503 11.483471831274889
90 -21.0 -20.757636654175787 0
91 -21.0 -20.76006028763403 0
92 -20.0 -20.75245968475769 0
93 -19.0 -20.734935087910113 0
94 -20.0 -20.72758573703101 0
95 -21.0 -20.7303098796607 0
96 -21.0 -20.733006780864095 0
97 -20.0 -20.725676713055453 0
98 -19.0 -20.7084199459249 0
99 -20.0 -20.70133574646565 12.867947480304064
100 -21.0 -20.704322389000993 0
101 -21.0 -20.707279165110982 0
102 -19.0 -20.690206373459873 0
103 -20.0 -20.683304309725273 0
104 -19.0 -20.666471266628022 0
105 -20.0 -20.65980655396174 0
106 -21.0 -20.663208488422125 0
107 -21.0 -20.666576403537903 0
108 -20.0 -20.659910639502524 0
109 -21.0 -20.6633115331075 14.040385472294913
110 -20.0 -20.656678417776423 0
111 -21.0 -20.66011163359866 0
112 -21.0 -20.663510517262676 0
113 -20.0 -20.65687541209005 0
114 -20.0 -20.650306657969146 0
115 -20.0 -20.643803591389453 0
116 -21.0 -20.64736555547556 0
117 -21.0 -20.650891899920804 0
118 -20.0 -20.644382980921595 0
119 -21.0 -20.64793915111238 15.642148890837852
120 -21.0 -20.651459759601256 0
121 -21.0 -20.654945162005244 0
122 -21.0 -20.658395710385193 0
123 -21.0 -20.66181175328134 0
124 -21.0 -20.66519363574853 0
125 -21.0 -20.668541699391046 0
126 -21.0 -20.671856282397137 0
127 -20.0 -20.665137719573163 0
128 -21.0 -20.66848634237743 0
129 -21.0 -20.671801478953657 16.120515756366743
130 -21.0 -20.67508346416412 0
131 -21.0 -20.67833262952248 0
132 -19.0 -20.661549303227257 0
133 -19.0 -20.644933810194985 0
134 -21.0 -20.648484472093035 0
135 -21.0 -20.651999627372106 0
136 -21.0 -20.655479631098387 0
137 -21.0 -20.658924834787403 0
138 -21.0 -20.66233558643953 0
139 -20.0 -20.655712230575134 17.256894166799263
140 -21.0 -20.65915510826938 0
141 -21.0 -20.662563557186687 0
142 -21.0 -20.66593792161482 0
143 -21.0 -20.669278542398672 0
144 -21.0 -20.672585756974687 0
145 -21.0 -20.67585989940494 0
146 -21.0 -20.679101300410892 0
147 -21.0 -20.682310287406782 0
148 -21.0 -20.685487184532715 0
149 -21.0 -20.68863231268739 17.444166964060276
150 -21.0 -20.691745989560516 0
151 -20.0 -20.68482852966491 0
152 -21.0 -20.687980244368262 0
153 -20.0 -20.681100441924578 0
154 -19.0 -20.66428943750533 0
155 -21.0 -20.667646543130278 0
156 -21.0 -20.670970077698975 0
157 -21.0 -20.674260376921985 0
158 -21.0 -20.677517773152765 0
159 -21.0 -20.680742595421236 18.951159216050698
160 -21.0 -20.683935169467023 0
161 -20.0 -20.67709581777235 0
162 -21.0 -20.680324859594627 0
163 -21.0 -20.68352161099868 0
164 -21.0 -20.686686394888696 0
165 -21.0 -20.68981953093981 0
166 -21.0 -20.692921335630412 0
167 -19.0 -20.67599212227411 0
168 -17.0 -20.63923220105137 0
169 -21.0 -20.642839879040856 19.858553904644097
170 -21.0 -20.64641148025045 0
171 -21.0 -20.649947365447947 0
172 -20.0 -20.643447891793468 0
173 -21.0 -20.647013412875534 0
174 -21.0 -20.65054327874678 0
175 -21.0 -20.654037845959316 0
176 -16.0 -20.607497467499723 0
177 -20.0 -20.601422492824724 0
178 -21.0 -20.60540826789648 0
179 -21.0 -20.609354185217516 20.447739567090853
180 -21.0 -20.61326064336534 0
181 -21.0 -20.61712803693169 0
182 -21.0 -20.62095675656237 0
183 -21.0 -20.62474718899675 0
184 -21.0 -20.628499717106784 0
185 -19.0 -20.612214719935718 0
186 -21.0 -20.61609257273636 0
187 -21.0 -20.619931647008997 0
188 -21.0 -20.623732330538907 0
189 -21.0 -20.62749500723352 20.54064466698682
190 -21.0 -20.631220057161187 0
191 -21.0 -20.634907856589574 0
192 -21.0 -20.63855877802368 0
193 -21.0 -20.642173190243444 0
194 -21.0 -20.64575145834101 0
195 -21.0 -20.649293943757602 0
196 -20.0 -20.642801004320024 0
197 -21.0 -20.646372994276824 0
198 -21.0 -20.649909264334056 0
199 -21.0 -20.653410171690716 20.600666068030815
200 -20.0 -20.646876069973807 0
201 -21.0 -20.65040730927407 0
202 -21.0 -20.65390323618133 0
203 -21.0 -20.657364203819515 0
204 -21.0 -20.660790561781322 0
205 -21.0 -20.66418265616351 0
206 -21.0 -20.667540829601876 0
207 -21.0 -20.67086542130586 0
208 -21.0 -20.6741567670928 0
209 -21.0 -20.677415199421873 22.535710800964498
210 -19.0 -20.660641047427657 0
211 -20.0 -20.65403463695338 0
212 -21.0 -20.65749429058385 0
213 -21.0 -20.66091934767801 0
214 -21.0 -20.66431015420123 0
215 -21.0 -20.66766705265922 0
216 -21.0 -20.670990382132626 0
217 -21.0 -20.6742804783113 0
218 -19.0 -20.65753767352819 0
219 -20.0 -20.650962296792905 23.15334654429266
220 -21.0 -20.654452673824977 0
221 -19.0 -20.63790814708673 0
222 -20.0 -20.63152906561586 0
223 -21.0 -20.635213774959702 0
224 -18.0 -20.608861637210104 0
225 -21.0 -20.612773020838002 0
226 -21.0 -20.616645290629624 0
227 -21.0 -20.62047883772333 0
228 -21.0 -20.624274049346095 0
229 -21.0 -20.628031308852634 24.32544012765873
230 -17.0 -20.59175099576411 0
231 -21.0 -20.59583348580647 0
232 -21.0 -20.599875150948407 0
233 -21.0 -20.603876399438924 0
234 -21.0 -20.607837635444536 0
235 -21.0 -20.611759259090093 0
236 -21.0 -20.615641666499194 0
237 -21.0 -20.619485249834202 0
238 -20.0 -20.61329039733586 0
239 -21.0 -20.6171574933625 26.92696860529071
240 -21.0 -20.62098591842888 0
241 -21.0 -20.624776059244592 0
242 -21.0 -20.628528298652146 0
243 -18.0 -20.602243015665625 0
244 -21.0 -20.606220585508968 0
245 -21.0 -20.61015837965388 0
246 -21.0 -20.61405679585734 0
247 -21.0 -20.617916227898768 0
248 -21.0 -20.62173706561978 0
249 -19.0 -20.605519694963583 27.338843605859193
250 -20.0 -20.599464498013948 0
251 -21.0 -20.603469853033808 0
252 -21.0 -20.60743515450347 0
253 -21.0 -20.611360802958437 0
254 -21.0 -20.615247194928852 0
255 -21.0 -20.619094722979565 0
256 -21.0 -20.62290377574977 0
257 -21.0 -20.62667473799227 0
258 -21.0 -20.630407990612348 0
259 -21.0 -20.634103910706227 27.79970886676389
260 -21.0 -20.637762871599165 0
261 -21.0 -20.641385242883175 0
262 -21.0 -20.644971390454344 0
263 -21.0 -20.6485216765498 0
264 -20.0 -20.642036459784304 0
265 -20.0 -20.63561609518646 0
266 -20.0 -20.629259934234593 0
267 -19.0 -20.612967334892247 0
268 -21.0 -20.616837661543325 0
269 -21.0 -20.620669284927892 28.43443129476575
270 -21.0 -20.624462592078615 0
271 -20.0 -20.61821796615783 0
272 -21.0 -20.62203578649625 0
273 -20.0 -20.615815428631286 0
274 -21.0 -20.619657274344974 0
275 -20.0 -20.61346070160152 0
276 -21.0 -20.617326094585508 0
277 -20.0 -20.61115283363965 0
278 -20.0 -20.605041305303253 0
279 -20.0 -20.59899089225022 28.578338909092665
280 -21.0 -20.603000983327718 0
281 -21.0 -20.60697097349444 0
282 -20.0 -20.600901263759496 0
283 -21.0 -20.604892251121903 0
284 -20.0 -20.598843328610684 0
285 -21.0 -20.60285489532458 0
286 -21.0 -20.606826346371335 0
287 -21.0 -20.610758082907623 0
288 -18.0 -20.584650502078546 0
289 -21.0 -20.58880399705776 28.444913464817827
290 -21.0 -20.592915957087182 0
291 -21.0 -20.596986797516312 0
292 -21.0 -20.60101692954115 0
293 -18.0 -20.57500676024574 0
294 -21.0 -20.57925669264328 0
295 -21.0 -20.583464125716848 0
296 -20.0 -20.577629484459678 0
297 -21.0 -20.58185318961508 0
298 -21.0 -20.58603465771893 0
299 -21.0 -20.59017431114174 28.402498321472656
300 -21.0 -20.594272568030323 0
301 -21.0 -20.598329842350022 0
302 -21.0 -20.602346543926522 0
303 -21.0 -20.606323078487257 0
304 -21.0 -20.610259847702384 0
305 -21.0 -20.61415724922536 0
306 -21.0 -20.61801567673311 0
307 -21.0 -20.621835519965778 0
308 -21.0 -20.62561716476612 0
309 -21.0 -20.629360993118457 29.206438862287953
310 -20.0 -20.623067383187273 0
311 -21.0 -20.626836709355402 0
312 -18.0 -20.600568342261848 0
313 -21.0 -20.60456265883923 0
314 -19.0 -20.58851703225084 0
315 -21.0 -20.592631861928332 0
316 -21.0 -20.59670554330905 0
317 -21.0 -20.600738487875958 0
318 -21.0 -20.6047311029972 0
319 -21.0 -20.608683791967227 29.326845584319077
320 -19.0 -20.592596954047554 0
321 -21.0 -20.596670984507078 0
322 -21.0 -20.600704274662007 0
323 -21.0 -20.604697231915388 0
324 -19.0 -20.588650259596236 0
325 -20.0 -20.582763757000272 0
326 -17.0 -20.54693611943027 0
327 -21.0 -20.551466758235968 0
328 -21.0 -20.55595209065361 0
329 -21.0 -20.560392569747073 29.36504111133276
330 -21.0 -20.564788644049603 0
331 -21.0 -20.56914075760911 0
332 -21.0 -20.57344935003302 0
333 -21.0 -20.57771485653269 0
334 -21.0 -20.581937707967363 0
335 -19.0 -20.56611833088769 0
336 -21.0 -20.570457147578814 0
337 -20.0 -20.564752576103025 0
338 -21.0 -20.569105050341996 0
339 -21.0 -20.573413999838575 29.468577055880687
340 -21.0 -20.577679859840188 0
341 -21.0 -20.581903061241785 0
342 -21.0 -20.58608403062937 0
343 -19.0 -20.570223190323077 0
344 -20.0 -20.564520958419845 0
345 -21.0 -20.568875748835648 0
346 -20.0 -20.56318699134729 0
347 -20.0 -20.55755512143382 0
348 -21.0 -20.56197957021948 0
349 -21.0 -20.566359774517288 29.75457535735467
350 -20.0 -20.560696176772115 0
351 -21.0 -20.565089215004395 0
352 -21.0 -20.569438322854353 0
353 -20.0 -20.56374393962581 0
354 -20.0 -20.55810650022955 0
355 -21.0 -20.562525435227254 0
356 -21.0 -20.56690018087498 0
357 -21.0 -20.57123117906623 0
358 -21.0 -20.57551886727557 0
359 -21.0 -20.579763678602813 29.889781757661023
360 -18.0 -20.553966041816786 0
361 -21.0 -20.55842638139862 0
362 -20.0 -20.552842117584632 0
363 -19.0 -20.537313696408788 0
364 -21.0 -20.5419405594447 0
365 -21.0 -20.546521153850254 0
366 -20.0 -20.54105594231175 0
367 -21.0 -20.545645382888633 0
368 -21.0 -20.550188929059747 0
369 -21.0 -20.55468703976915 30.007664269550034
370 -21.0 -20.55914016937146 0
371 -18.0 -20.533548767677747 0
372 -21.0 -20.53821328000097 0
373 -21.0 -20.54283114720096 0
374 -21.0 -20.547402835728953 0
375 -21.0 -20.551928807371663 0
376 -20.0 -20.546409519297946 0
377 -21.0 -20.550945424104967 0
378 -21.0 -20.555435969863918 0
379 -21.0 -20.55988161016528 30.976071552836522
380 -19.0 -20.54428279406363 0
381 -21.0 -20.548839966122994 0
382 -19.0 -20.533351566461764 0
383 -21.0 -20.53801805079715 0
384 -21.0 -20.542637870289177 0
385 -21.0 -20.547211491586285 0
386 -21.0 -20.551739376670422 0
387 -21.0 -20.55622198290372 0
388 -19.0 -20.540659763074682 0
389 -21.0 -20.545253165443935 32.02903407238585
390 -21.0 -20.549800633789495 0
391 -20.0 -20.5443026274516 0
392 -21.0 -20.548859601177085 0
393 -21.0 -20.553371005165314 0
394 -21.0 -20.55783729511366 0
395 -20.0 -20.552258922162522 0
396 -21.0 -20.556736332940897 0
397 -21.0 -20.56116896961149 0
398 -21.0 -20.565557279915375 0
399 -21.0 -20.569901707116223 32.58621435659306
400 -21.0 -20.574202690045063 0
401 -20.0 -20.56846066314461 0
402 -19.0 -20.552776056513164 0
403 -19.0 -20.537248295948032 0
404 -21.0 -20.541875812988554 0
405 -21.0 -20.54645705485867 0
406 -21.0 -20.550992484310086 0
407 -21.0 -20.555482559466984 0
408 -21.0 -20.559927733872314 0
409 -21.0 -20.56432845653359 32.953758861720566
410 -18.0 -20.538685171968254 0
411 -21.0 -20.54329832024857 0
412 -18.0 -20.517865337046086 0
413 -19.0 -20.502686683675627 0
414 -21.0 -20.50765981683887 0
415 -21.0 -20.512583218670482 0
416 -21.0 -20.517457386483777 0
417 -21.0 -20.52228281261894 0
418 -21.0 -20.52705998449275 0
419 -21.0 -20.531789384647826 33.903629523587014
420 -21.0 -20.53647149080135 0
421 -21.0 -20.541106775893336 0
422 -21.0 -20.545695708134403 0
423 -19.0 -20.53023875105306 0
424 -21.0 -20.534936363542528 0
425 -18.0 -20.509586999907103 0
426 -21.0 -20.514491129908034 0
427 -21.0 -20.519346218608955 0
428 -21.0 -20.52415275642287 0
429 -21.0 -20.52891122885864 36.63177819875738
430 -21.0 -20.533622116570054 0
431 -21.0 -20.538285895404353 0
432 -21.0 -20.542903036450312 0
433 -21.0 -20.54747400608581 0
434 -20.0 -20.541999266024952 0
435 -21.0 -20.546579273364703 0
436 -21.0 -20.551113480631056 0
437 -21.0 -20.555602345824745 0
438 -20.0 -20.550046322366498 0
439 -21.0 -20.554545859142834 36.75971403637203
440 -21.0 -20.559000400551408 0
441 -21.0 -20.563410396545894 0
442 -21.0 -20.567776292580437 0
443 -21.0 -20.57209852965463 0
444 -20.0 -20.566377544358083 0
445 -21.0 -20.5707137689145 0
446 -21.0 -20.575006631225357 0
447 -20.0 -20.5692565649131 0
448 -21.0 -20.57356399926397 0
449 -21.0 -20.577828359271333 36.77987165468639
450 -21.0 -20.58205007567862 0
451 -21.0 -20.586229574921834 0
452 -21.0 -20.590367279172618 0
453 -19.0 -20.574463606380892 0
454 -21.0 -20.578718970317084 0
455 -21.0 -20.582931780613915 0
456 -21.0 -20.587102462807778 0
457 -20.0 -20.5812314381797 0
458 -17.0 -20.545419123797902 0
459 -20.0 -20.539964932559922 37.889093749979324
460 -21.0 -20.544565283234324 0
461 -21.0 -20.549119630401982 0
462 -21.0 -20.553628434097963 0
463 -21.0 -20.558092149756984 0
464 -21.0 -20.562511228259414 0
465 -20.0 -20.55688611597682 0
466 -21.0 -20.56131725481705 0
467 -21.0 -20.565704082268883 0
468 -21.0 -20.570047041446195 0
469 -21.0 -20.574346571031732 38.40868478939613
470 -21.0 -20.578603105321417 0
471 -21.0 -20.582817074268203 0
472 -21.0 -20.586988903525523 0
473 -21.0 -20.591119014490268 0
474 -21.0 -20.595207824345366 0
475 -21.0 -20.599255746101914 0
476 -21.0 -20.603263188640895 0
477 -21.0 -20.607230556754487 0
478 -21.0 -20.611158251186943 0
479 -21.0 -20.615046668675074 38.46725109815962
480 -21.0 -20.618896201988324 0
481 -20.0 -20.61270723996844 0
482 -21.0 -20.616580167568756 0
483 -21.0 -20.62041436589307 0
484 -21.0 -20.62421022223414 0
485 -21.0 -20.6279681200118 0
486 -20.0 -20.62168843881168 0
487 -20.0 -20.615471554423564 0
488 -21.0 -20.619316838879328 0
489 -21.0 -20.623123670490536 38.35072414978519
490 -20.0 -20.61689243378563 0
491 -19.0 -20.600723509447775 0
492 -21.0 -20.604716274353297 0
493 -21.0 -20.608669111609764 0
494 -21.0 -20.612582420493666 0
495 -21.0 -20.61645659628873 0
496 -21.0 -20.620292030325846 0
497 -21.0 -20.624089110022588 0
498 -21.0 -20.627848218922363 0
499 -21.0 -20.63156973673314 38.974849583605724
500 -21.0 -20.63525403936581 0
501 -17.0 -20.598901498972154 0
502 -21.0 -20.602912483982433 0
503 -20.0 -20.59688335914261 0
504 -20.0 -20.59091452555118 0
505 -21.0 -20.59500538029567 0
506 -21.0 -20.599055326492714 0
507 -21.0 -20.603064773227786 0
508 -21.0 -20.60703412549551 0
509 -21.0 -20.610963784240557 39.76248261776261
510 -20.0 -20.60485414639815 0
511 -21.0 -20.60880560493417 0
512 -21.0 -20.612717548884827 0
513 -21.0 -20.61659037339598 0
514 -20.0 -20.610424469662018 0
515 -21.0 -20.614320224965397 0
516 -21.0 -20.618177022715745 0
517 -20.0 -20.611995252488587 0
518 -20.0 -20.6058752999637 0
519 -21.0 -20.609816546964062 39.809796975263666
520 -21.0 -20.613718381494422 0
521 -20.0 -20.607581197679476 0
522 -20.0 -20.60150538570268 0
523 -21.0 -20.605490331845655 0
524 -19.0 -20.5894354285272 0
525 -18.0 -20.563541074241925 0
526 -21.0 -20.567905663499506 0
527 -21.0 -20.57222660686451 0
528 -21.0 -20.576504340795868 0
529 -21.0 -20.58073929738791 40.07315604949758
530 -21.0 -20.58493190441403 0
531 -21.0 -20.58908258536989 0
532 -21.0 -20.59319175951619 0
533 -21.0 -20.59725984192103 0
534 -21.0 -20.60128724350182 0
535 -20.0 -20.5952743710668 0
536 -21.0 -20.599321627356133 0
537 -21.0 -20.603328411082572 0
538 -19.0 -20.587295126971746 0
539 -20.0 -20.581422175702027 39.967595139950525
540 -21.0 -20.585607953945008 0
541 -21.0 -20.589751874405557 0
542 -20.0 -20.5838543556615 0
543 -21.0 -20.588015812104885 0
544 -21.0 -20.59213565398384 0
545 -21.0 -20.596214297444 0
546 -21.0 -20.600252154469562 0
547 -21.0 -20.604249632924866 0
548 -21.0 -20.608207136595617 0
549 -20.0 -20.60212506522966 40.12787191320598
550 -21.0 -20.606103814577367 0
551 -21.0 -20.610042776431595 0
552 -21.0 -20.61394234866728 0
553 -19.0 -20.59780292518061 0
554 -21.0 -20.601824895928804 0
555 -21.0 -20.605806646969516 0
556 -21.0 -20.609748580499822 0
557 -21.0 -20.613651094694823 0
558 -21.0 -20.617514583747877 0
559 -21.0 -20.6213394379104 40.86685626829684
560 -21.0 -20.625126043531296 0
561 -21.0 -20.628874783095984 0
562 -21.0 -20.632586035265025 0
563 -21.0 -20.636260174912376 0
564 -20.0 -20.62989757316325 0
565 -21.0 -20.633598597431618 0
566 -21.0 -20.637262611457302 0
567 -21.0 -20.64088998534273 0
568 -21.0 -20.644481085489303 0
569 -21.0 -20.64803627463441 40.99602048632871
570 -21.0 -20.651555911888067 0
571 -20.0 -20.645040352769186 0
572 -21.0 -20.648589949241494 0
573 -19.0 -20.63210404974908 0
574 -21.0 -20.63578300925159 0
575 -21.0 -20.639425179159076 0
576 -21.0 -20.643030927367487 0
577 -21.0 -20.646600618093814 0
578 -21.0 -20.650134611912875 0
579 -21.0 -20.653633265793747 40.80988940302098
580 -21.0 -20.65709693313581 0
581 -21.0 -20.660525963804453 0
582 -21.0 -20.663920704166408 0
583 -21.0 -20.667281497124744 0
584 -21.0 -20.670608682153496 0
585 -21.0 -20.673902595331963 0
586 -21.0 -20.677163569378646 0
587 -21.0 -20.68039193368486 0
588 -20.0 -20.67358801434801 0
589 -21.0 -20.67685213420453 41.95878359102529
590 -19.0 -20.660083612862486 0
591 -21.0 -20.66348277673386 0
592 -21.0 -20.666847948966524 0
593 -21.0 -20.67017946947686 0
594 -21.0 -20.67347767478209 0
595 -21.0 -20.67674289803427 0
596 -21.0 -20.67997546905393 0
597 -21.0 -20.68317571436339 0
598 -19.0 -20.66634395721976 0
599 -21.0 -20.669680517647564 41.825471998578315
600 -20.0 -20.662983712471085 0
601 -21.0 -20.666353875346374 0
602 -21.0 -20.66969033659291 0
603 -21.0 -20.67299343322698 0
604 -21.0 -20.676263498894713 0
605 -21.0 -20.679500863905766 0
606 -20.0 -20.672705855266706 0
607 -21.0 -20.67597879671404 0
608 -21.0 -20.6792190087469 0
609 -21.0 -20.682426818659433 44.88736649989279
610 -21.0 -20.68560255047284 0
611 -21.0 -20.688746524968114 0
612 -21.0 -20.691859059718432 0
613 -21.0 -20.69494046912125 0
614 -21.0 -20.697991064430038 0
615 -21.0 -20.70101115378574 0
616 -21.0 -20.70400104224788 0
617 -21.0 -20.706961031825404 0
618 -19.0 -20.689891421507152 0
619 -21.0 -20.692992507292082 44.93327659912216
620 -21.0 -20.696062582219163 0
621 -21.0 -20.699101956396973 0
622 -21.0 -20.702110936833005 0
623 -21.0 -20.705089827464676 0
624 -19.0 -20.68803892919003 0
625 -20.0 -20.681158539898128 0
626 -21.0 -20.684346954499148 0
627 -20.0 -20.677503484954155 0
628 -21.0 -20.680728450104613 0
629 -21.0 -20.683921165603568 45.12312825715454
630 -21.0 -20.687081953947533 0
631 -21.0 -20.69021113440806 0
632 -21.0 -20.69330902306398 0
633 -21.0 -20.69637593283334 0
634 -21.0 -20.699412173505007 0
635 -21.0 -20.702418051769957 0
636 -21.0 -20.70539387125226 0
637 -21.0 -20.708339932539737 0
638 -21.0 -20.71125653321434 0
639 -21.0 -20.714143967882197 45.77630451975375
640 -21.0 -20.717002528203377 0
641 -21.0 -20.719832502921342 0
642 -21.0 -20.72263417789213 0
643 -21.0 -20.72540783611321 0
644 -21.0 -20.72815375775208 0
645 -21.0 -20.730872220174557 0
646 -21.0 -20.733563497972813 0
647 -21.0 -20.736227862993086 0
648 -21.0 -20.738865584363158 0
649 -20.0 -20.731476928519523 46.63270718601916
650 -21.0 -20.73416215923433 0
651 -21.0 -20.736820537641986 0
652 -19.0 -20.71945233226557 0
653 -19.0 -20.702257808942914 0
654 -21.0 -20.705235230853486 0
655 -21.0 -20.708182878544953 0
656 -21.0 -20.711101049759503 0
657 -21.0 -20.71399003926191 0
658 -20.0 -20.70685013886929 0
659 -21.0 -20.709781637480596 46.39057949961853
660 -21.0 -20.71268382110579 0
661 -21.0 -20.715556982894736 0
662 -21.0 -20.718401413065788 0
663 -20.0 -20.71121739893513 0
664 -20.0 -20.704105224945778 0
665 -20.0 -20.69706417269632 0
666 -21.0 -20.700093530969355 0
667 -21.0 -20.703092595659662 0
668 -21.0 -20.706061669703065 0
669 -21.0 -20.709001053006034 47.57303686229652
670 -21.0 -20.711911042475975 0
671 -21.0 -20.714791932051217 0
672 -21.0 -20.717644012730705 0
673 -21.0 -20.7204675726034 0
674 -21.0 -20.723262896877365 0
675 -21.0 -20.72603026790859 0
676 -21.0 -20.728769965229507 0
677 -21.0 -20.731482265577213 0
678 -21.0 -20.734167442921443 0
679 -21.0 -20.736825768492228 47.35205861308057
680 -21.0 -20.739457510807306 0
681 -21.0 -20.742062935699234 0
682 -21.0 -20.744642306342243 0
683 -21.0 -20.74719588327882 0
684 -21.0 -20.749723924446034 0
685 -21.0 -20.752226685201574 0
686 -21.0 -20.754704418349558 0
687 -21.0 -20.757157374166063 0
688 -21.0 -20.759585800424404 0
689 -21.0 -20.76198994242016 47.309447739004064
690 -21.0 -20.76437004299596 0
691 -21.0 -20.766726342566002 0
692 -21.0 -20.769059079140344 0
693 -19.0 -20.75136848834894 0
694 -20.0 -20.74385480346545 0
695 -21.0 -20.746416255430795 0
696 -21.0 -20.748952092876486 0
697 -21.0 -20.751462571947723 0
698 -21.0 -20.753947946228248 0
699 -21.0 -20.756408466765965 47.54915197138802
700 -20.0 -20.748844382098305 0
701 -19.0 -20.73135593827732 0
702 -21.0 -20.73404237889455 0
703 -20.0 -20.726701955105604 0
704 -21.0 -20.729434935554547 0
705 -19.0 -20.712140586199002 0
706 -21.0 -20.715019180337013 0
707 -21.0 -20.717868988533642 0
708 -21.0 -20.720690298648307 0
709 -19.0 -20.703483395661824 48.180239123140026
710 -21.0 -20.706448561705205 0
711 -21.0 -20.709384076088153 0
712 -21.0 -20.712290235327274 0
713 -21.0 -20.715167332974 0
714 -21.0 -20.718015659644262 0
715 -20.0 -20.710835503047818 0
716 -21.0 -20.71372714801734 0
717 -21.0 -20.716589876537167 0
718 -21.0 -20.719423977771797 0
719 -21.0 -20.72222973799408 48.212240168524275
720 -21.0 -20.72500744061414 0
721 -21.0 -20.727757366208 0
722 -21.0 -20.73047979254592 0
723 -21.0 -20.733174994620462 0
724 -21.0 -20.735843244674257 0
725 -21.0 -20.738484812227515 0
726 -21.0 -20.741099964105242 0
727 -21.0 -20.74368896446419 0
728 -19.0 -20.72625207481955 0
729 -21.0 -20.728989554071354 48.20672848107945
730 -21.0 -20.73169965853064 0
731 -21.0 -20.734382661945336 0
732 -21.0 -20.737038835325883 0
733 -21.0 -20.739668446972626 0
734 -21.0 -20.7422717625029 0
735 -19.0 -20.72484904487787 0
736 -20.0 -20.71760055442909 0
737 -21.0 -20.7204245488848 0
738 -21.0 -20.72322030339595 0
739 -21.0 -20.72598810036199 48.06596718100721
740 -21.0 -20.728728219358374 0
741 -21.0 -20.73144093716479 0
742 -21.0 -20.734126527793144 0
743 -21.0 -20.736785262515212 0
744 -21.0 -20.739417409890063 0
745 -21.0 -20.742023235791162 0
746 -21.0 -20.74460300343325 0
747 -21.0 -20.74715697339892 0
748 -21.0 -20.74968540366493 0
749 -21.0 -20.752188549628283 47.93307838408967
750 -21.0 -20.754666664132 0
751 -21.0 -20.75711999749068 0
752 -21.0 -20.759548797515773 0
753 -21.0 -20.761953309540615 0
754 -21.0 -20.76433377644521 0
755 -21.0 -20.766690438680758 0
756 -21.0 -20.76902353429395 0
757 -21.0 -20.77133329895101 0
758 -21.0 -20.7736199659615 0
759 -21.0 -20.775883766301888 50.72044994810609
760 -21.0 -20.77812492863887 0
761 -21.0 -20.780343679352484 0
762 -21.0 -20.78254024255896 0
763 -20.0 -20.774714840133367 0
764 -21.0 -20.776967691732033 0
765 -21.0 -20.779198014814714 0
766 -21.0 -20.781406034666567 0
767 -21.0 -20.7835919743199 0
768 -21.0 -20.7857560545767 0
769 -21.0 -20.787898494030934 51.57055424044393
770 -16.0 -20.740019509090626 0
771 -21.0 -20.74261931399972 0
772 -21.0 -20.745193120859724 0
773 -21.0 -20.747741189651126 0
774 -21.0 -20.750263777754615 0
775 -21.0 -20.752761139977068 0
776 -21.0 -20.755233528577296 0
777 -18.0 -20.727681193291524 0
778 -21.0 -20.73040438135861 0
779 -21.0 -20.733100337545025 51.82876710563447
780 -21.0 -20.735769334169575 0
781 -20.0 -20.72841164082788 0
782 -21.0 -20.731127524419602 0
783 -18.0 -20.703816249175404 0
784 -21.0 -20.70677808668365 0
785 -21.0 -20.709710305816813 0
786 -21.0 -20.712613202758646 0
787 -21.0 -20.71548707073106 0
788 -21.0 -20.718332200023752 0
789 -21.0 -20.721148878023516 52.28846915482864
790 -20.0 -20.71393738924328 0
791 -21.0 -20.71679801535085 0
792 -21.0 -20.71963003519734 0
793 -21.0 -20.722433734845367 0
794 -21.0 -20.725209397496915 0
795 -21.0 -20.727957303521947 0
796 -21.0 -20.73067773048673 0
797 -21.0 -20.73337095318186 0
798 -21.0 -20.736037243650042 0
799 -21.0 -20.738676871213542 52.66512039123916
800 -21.0 -20.741290102501406 0
801 -21.0 -20.743877201476394 0
802 -21.0 -20.74643842946163 0
803 -21.0 -20.748974045167014 0
804 -19.0 -20.731484304715345 0
805 -21.0 -20.73416946166819 0
806 -21.0 -20.73682776705151 0
807 -21.0 -20.739459489380994 0
808 -21.0 -20.742064894487186 0
809 -21.0 -20.744644245542315 52.47529358629335
810 -21.0 -20.74719780308689 0
811 -21.0 -20.74972582505602 0
812 -21.0 -20.752228566805464 0
813 -21.0 -20.75470628113741 0
814 -21.0 -20.757159218326034 0
815 -21.0 -20.759587626142775 0
816 -21.0 -20.761991749881346 0
817 -21.0 -20.764371832382533 0
818 -21.0 -20.766728114058708 0
819 -21.0 -20.76906083291812 52.89700965091545
820 -21.0 -20.771370224588942 0
821 -21.0 -20.773656522343053 0
822 -20.0 -20.76591995711962 0
823 -21.0 -20.768260757548425 0
824 -21.0 -20.77057814997294 0
825 -21.0 -20.772872368473212 0
826 -21.0 -20.775143644788482 0
827 -21.0 -20.777392208340597 0
828 -21.0 -20.779618286257193 0
829 -19.0 -20.76182210339462 52.84552279439095
830 -21.0 -20.764203882360675 0
831 -21.0 -20.76656184353707 0
832 -21.0 -20.7688962251017 0
833 -21.0 -20.771207262850684 0
834 -20.0 -20.763495190222176 0
835 -20.0 -20.755860238319954 0
836 -21.0 -20.758301635936757 0
837 -21.0 -20.76071861957739 0
838 -21.0 -20.763111433381617 0
839 -21.0 -20.7654803190478 52.66516474060899
840 -21.0 -20.76782551585732 0
841 -21.0 -20.77014726069875 0
842 -21.0 -20.772445788091762 0
843 -21.0 -20.774721330210845 0
844 -21.0 -20.776974116908736 0
845 -20.0 -20.769204375739648 0
846 -21.0 -20.77151233198225 0
847 -21.0 -20.77379720866243 0
848 -19.0 -20.756059236575805 0
849 -21.0 -20.758498644210047 53.52674434921399
850 -21.0 -20.760913657767947 0
851 -21.0 -20.763304521190268 0
852 -21.0 -20.765671475978365 0
853 -21.0 -20.768014761218584 0
854 -20.0 -20.760334613606396 0
855 -21.0 -20.762731267470333 0
856 -21.0 -20.76510395479563 0
857 -21.0 -20.767452915247674 0
858 -21.0 -20.769778386095197 0
859 -21.0 -20.772080602234247 53.15103707270507
860 -21.0 -20.774359796211904 0
861 -21.0 -20.776616198249787 0
862 -19.0 -20.75885003626729 0
863 -21.0 -20.76126153590462 0
864 -21.0 -20.763648920545574 0
865 -21.0 -20.76601243134012 0
866 -21.0 -20.768352307026717 0
867 -21.0 -20.770668783956452 0
868 -21.0 -20.77296209611689 0
869 -20.0 -20.76523247515572 53.3204986181503
870 -21.0 -20.767580150404164 0
871 -21.0 -20.769904348900123 0
872 -20.0 -20.762205305411122 0
873 -20.0 -20.75458325235701 0
874 -21.0 -20.757037419833438 0
875 -21.0 -20.759467045635105 0
876 -21.0 -20.761872375178754 0
877 -21.0 -20.764253651426966 0
878 -21.0 -20.766611114912696 0
879 -21.0 -20.76894500376357 53.3325186262204
880 -21.0 -20.771255553725933 0
881 -21.0 -20.773542998188674 0
882 -21.0 -20.775807568206787 0
883 -19.0 -20.75804949252472 0
884 -20.0 -20.750468997599473 0
885 -21.0 -20.75296430762348 0
886 -21.0 -20.755434664547245 0
887 -21.0 -20.757880317901773 0
888 -20.0 -20.750301514722754 0
889 -21.0 -20.752798499575526 53.23461359299204
890 -21.0 -20.75527051457977 0
891 -21.0 -20.757717809433974 0
892 -21.0 -20.760140631339635 0
893 -21.0 -20.762539225026238 0
894 -21.0 -20.764913832775978 0
895 -21.0 -20.76726469444822 0
896 -21.0 -20.76959204750374 0
897 -21.0 -20.771896127028704 0
898 -21.0 -20.774177165758417 0
899 -20.0 -20.76643539410083 53.486482489873985
900 -21.0 -20.768771040159823 0
901 -21.0 -20.771083329758227 0
902 -18.0 -20.743372496460644 0
903 -21.0 -20.74593877149604 0
904 -21.0 -20.74847938378108 0
905 -21.0 -20.75099458994327 0
906 -21.0 -20.75348464404384 0
907 -21.0 -20.755949797603403 0
908 -21.0 -20.75839029962737 0
909 -21.0 -20.760806396631097 53.67178913646809
910 -19.0 -20.743198332664786 0
911 -21.0 -20.74576634933814 0
912 -21.0 -20.74830868584476 0
913 -21.0 -20.75082559898631 0
914 -21.0 -20.753317342996446 0
915 -21.0 -20.755784169566482 0
916 -21.0 -20.75822632787082 0
917 -21.0 -20.76064406459211 0
918 -21.0 -20.76303762394619 0
919 -21.0 -20.76540724770673 53.92612849171077
920 -21.0 -20.767753175229664 0
921 -21.0 -20.77007564347737 0
922 -21.0 -20.772374887042595 0
923 -21.0 -20.77465113817217 0
924 -19.0 -20.75690462679045 0
925 -17.0 -20.719335580522547 0
926 -21.0 -20.72214222471732 0
927 -21.0 -20.724920802470148 0
928 -21.0 -20.727671594445447 0
929 -19.0 -20.710394878500992 54.272611741960056
930 -21.0 -20.71329092971598 0
931 -21.0 -20.71615802041882 0
932 -21.0 -20.71899644021463 0
933 -21.0 -20.721806475812485 0
934 -21.0 -20.724588411054363 0
935 -20.0 -20.717342526943817 0
936 -21.0 -20.72016910167438 0
937 -21.0 -20.722967410657635 0
938 -21.0 -20.72573773655106 0
939 -21.0 -20.72848035918555 54.29748387458729
940 -21.0 -20.731195555593697 0
941 -21.0 -20.73388360003776 0
942 -21.0 -20.736544764037383 0
943 -21.0 -20.73917931639701 0
944 -21.0 -20.74178752323304 0
945 -18.0 -20.71436964800071 0
946 -20.0 -20.7072259515207 0
947 -18.0 -20.680153692005494 0
948 -21.0 -20.68335215508544 0
949 -20.0 -20.676518633534585 54.277715945442566
950 -20.0 -20.669753447199238 0
951 -21.0 -20.673055912727246 0
952 -21.0 -20.676325353599974 0
953 -21.0 -20.679562100063976 0
954 -21.0 -20.682766479063336 0
955 -21.0 -20.685938814272703 0
956 -21.0 -20.689079426129975 0
957 -21.0 -20.692188631868675 0
958 -20.0 -20.68526674554999 0
959 -21.0 -20.68841407809449 55.30171835007358
960 -21.0 -20.691529937313543 0
961 -21.0 -20.694614637940408 0
962 -21.0 -20.697668491561004 0
963 -21.0 -20.700691806645395 0
964 -21.0 -20.70368488857894 0
965 -21.0 -20.706648039693153 0
966 -21.0 -20.709581559296222 0
967 -21.0 -20.71248574370326 0
968 -21.0 -20.71536088626623 0
969 -21.0 -20.718207277403568 56.79701747195607
970 -21.0 -20.721025204629534 0
971 -21.0 -20.72381495258324 0
972 -21.0 -20.72657680305741 0
973 -21.0 -20.729311035026836 0
974 -21.0 -20.73201792467657 0
975 -21.0 -20.734697745429806 0
976 -20.0 -20.727350767975505 0
977 -21.0 -20.73007726029575 0
978 -21.0 -20.732776487692792 0
979 -21.0 -20.735448722815864 56.8147747692066
980 -20.0 -20.728094235587704 0
981 -21.0 -20.73081329323183 0
982 -20.0 -20.72350516029951 0
983 -21.0 -20.726270108696514 0
984 -21.0 -20.72900740760955 0
985 -21.0 -20.731717333533457 0
986 -21.0 -20.734400160198124 0
987 -21.0 -20.737056158596143 0
988 -21.0 -20.739685597010183 0
989 -21.0 -20.74228874104008 56.87683096075489
990 -21.0 -20.74486585362968 0
991 -21.0 -20.747417195093384 0
992 -21.0 -20.74994302314245 0
993 -21.0 -20.752443592911025 0
994 -21.0 -20.754919156981916 0
995 -21.0 -20.7573699654121 0
996 -21.0 -20.75979626575798 0
997 -21.0 -20.7621983031004 0
998 -21.0 -20.7645763200694 0
999 -21.0 -20.766930556868704 56.72293899058126
1000 -21.0 -20.76926125130002 0
1001 -21.0 -20.77156863878702 0
1002 -21.0 -20.77385295239915 0
1003 -20.0 -20.76611442287516 0
1004 -21.0 -20.768453278646408 0
1005 -20.0 -20.76076874585994 0
1006 -21.0 -20.763161058401344 0
1007 -21.0 -20.765529447817332 0
1008 -21.0 -20.76787415333916 0
1009 -21.0 -20.77019541180577 56.78291554599601
1010 -18.0 -20.74249345768771 0
1011 -21.0 -20.745068523110834 0
1012 -20.0 -20.737617837879725 0
1013 -21.0 -20.740241659500928 0
1014 -21.0 -20.74283924290592 0
1015 -21.0 -20.745410850476862 0
1016 -21.0 -20.747956741972093 0
1017 -21.0 -20.750477174552373 0
1018 -20.0 -20.74297240280685 0
1019 -21.0 -20.745542678778783 56.49957551817833
1020 -21.0 -20.748087251990995 0
1021 -20.0 -20.740606379471085 0
1022 -21.0 -20.743200315676376 0
1023 -21.0 -20.745768312519612 0
1024 -21.0 -20.748310629394418 0
1025 -21.0 -20.750827523100472 0
1026 -21.0 -20.753319247869467 0
1027 -21.0 -20.75578605539077 0
1028 -21.0 -20.758228194836864 0
1029 -21.0 -20.760645912888496 57.124046710419044
1030 -21.0 -20.76303945375961 0
1031 -21.0 -20.765409059222016 0
1032 -21.0 -20.767754968629795 0
1033 -21.0 -20.770077418943497 0
1034 -21.0 -20.772376644754065 0
1035 -19.0 -20.754652878306526 0
1036 -21.0 -20.75710634952346 0
1037 -21.0 -20.75953528602823 0
1038 -21.0 -20.761939933167948 0
1039 -21.0 -20.76432053383627 56.74812871083775
1040 -21.0 -20.766677328497906 0
1041 -21.0 -20.769010555212926 0
1042 -21.0 -20.7713204496608 0
1043 -21.0 -20.77360724516419 0
1044 -21.0 -20.77587117271255 0
1045 -21.0 -20.778112460985422 0
1046 -21.0 -20.780331336375568 0
1047 -21.0 -20.782528023011814 0
1048 -21.0 -20.784702742781697 0
1049 -21.0 -20.78685571535388 57.06772320361496
1050 -21.0 -20.788987158200342 0
1051 -21.0 -20.79109728661834 0
1052 -21.0 -20.793186313752155 0
1053 -21.0 -20.795254450614635 0
1054 -21.0 -20.79730190610849 0
1055 -21.0 -20.799328887047405 0
1056 -21.0 -20.801335598176934 0
1057 -21.0 -20.803322242195165 0
1058 -21.0 -20.805289019773213 0
1059 -21.0 -20.807236129575482 56.77546520143176
1060 -21.0 -20.809163768279728 0
1061 -21.0 -20.81107213059693 0
1062 -21.0 -20.81296140929096 0
1063 -21.0 -20.81483179519805 0
1064 -21.0 -20.81668347724607 0
1065 -20.0 -20.80851664247361 0
1066 -21.0 -20.810431476048873 0
1067 -21.0 -20.812327161288383 0
1068 -21.0 -20.8142038896755 0
1069 -21.0 -20.816061850778745 57.44299897115683
1070 -21.0 -20.81790123227096 0
1071 -21.0 -20.81972221994825 0
1072 -21.0 -20.821524997748767 0
1073 -21.0 -20.82330974777128 0
1074 -21.0 -20.825076650293568 0
1075 -21.0 -20.826825883790633 0
1076 -21.0 -20.828557624952726 0
1077 -21.0 -20.8302720487032 0
1078 -21.0 -20.831969328216168 0
1079 -21.0 -20.833649634934005 57.077802810496166
1080 -21.0 -20.835313138584667 0
1081 -20.0 -20.82696000719882 0
1082 -20.0 -20.81869040712683 0
1083 -21.0 -20.820503503055562 0
1084 -21.0 -20.822298468025007 0
1085 -21.0 -20.824075483344757 0
1086 -21.0 -20.82583472851131 0
1087 -21.0 -20.827576381226198 0
1088 -21.0 -20.829300617413935 0
1089 -21.0 -20.831007611239798 57.54700966691413
1090 -21.0 -20.8326975351274 0
1091 -21.0 -20.83437055977613 0
1092 -21.0 -20.836026854178368 0
1093 -21.0 -20.837666585636583 0
1094 -21.0 -20.839289919780217 0
1095 -21.0 -20.840897020582414 0
1096 -21.0 -20.84248805037659 0
1097 -21.0 -20.844063169872825 0
1098 -21.0 -20.845622538174098 0
1099 -21.0 -20.847166312792357 58.4754362642238
1100 -21.0 -20.848694649664434 0
1101 -21.0 -20.85020770316779 0
1102 -21.0 -20.851705626136113 0
1103 -16.0 -20.803188569874752 0
1104 -21.0 -20.805156684176005 0
1105 -19.0 -20.787105117334246 0
1106 -21.0 -20.789234066160905 0
1107 -21.0 -20.791341725499297 0
1108 -21.0 -20.793428308244305 0
1109 -21.0 -20.79549402516186 58.08421211721445
1110 -21.0 -20.797539084910245 0
1111 -21.0 -20.799563694061142 0
1112 -21.0 -20.80156805712053 0
1113 -21.0 -20.803552376549327 0
1114 -21.0 -20.805516852783835 0
1115 -21.0 -20.807461684255998 0
1116 -21.0 -20.80938706741344 0
1117 -20.0 -20.801293196739305 0
1118 -21.0 -20.803280264771914 0
1119 -21.0 -20.805247462124196 58.611651354417305
1120 -21.0 -20.807194987502957 0
1121 -21.0 -20.809123037627927 0
1122 -21.0 -20.81103180725165 0
1123 -21.0 -20.812921489179132 0
1124 -21.0 -20.814792274287342 0
1125 -21.0 -20.81664435154447 0
1126 -21.0 -20.818477908029024 0
1127 -21.0 -20.820293128948734 0
1128 -21.0 -20.822090197659247 0
1129 -21.0 -20.823869295682655 58.61910996507206
1130 -21.0 -20.82563060272583 0
1131 -20.0 -20.81737429669857 0
1132 -21.0 -20.819200553731587 0
1133 -21.0 -20.82100854819427 0
1134 -19.0 -20.802798462712328 0
1135 -21.0 -20.804770478085207 0
1136 -21.0 -20.806722773304354 0
1137 -21.0 -20.808655545571312 0
1138 -21.0 -20.8105689901156 0
1139 -20.0 -20.80246330021444 58.582009954749786
1140 -21.0 -20.8044386672123 0
1141 -21.0 -20.806394280540175 0
1142 -21.0 -20.808330337734773 0
1143 -21.0 -20.810247034357428 0
1144 -21.0 -20.812144564013852 0
1145 -21.0 -20.814023118373715 0
1146 -21.0 -20.81588288718998 0
1147 -21.0 -20.81772405831808 0
1148 -21.0 -20.8195468177349 0
1149 -21.0 -20.821351349557553 58.36603600982818
1150 -21.0 -20.823137836061978 0
1151 -21.0 -20.82490645770136 0
1152 -21.0 -20.826657393124346 0
1153 -21.0 -20.828390819193103 0
1154 -21.0 -20.830106911001174 0
1155 -21.0 -20.831805841891164 0
1156 -21.0 -20.833487783472254 0
1157 -21.0 -20.835152905637532 0
1158 -21.0 -20.836801376581157 0
1159 -21.0 -20.838433362815344 58.2427927621009
1160 -21.0 -20.840049029187192 0
1161 -21.0 -20.84164853889532 0
1162 -21.0 -20.84323205350637 0
1163 -19.0 -20.824799732971307 0
1164 -21.0 -20.826551735641594 0
1165 -21.0 -20.82828621828518 0
1166 -21.0 -20.830003356102328 0
1167 -21.0 -20.831703322541305 0
1168 -21.0 -20.833386289315893 0
1169 -21.0 -20.835052426422735 60.083992415306795
1170 -21.0 -20.83670190215851 0
1171 -21.0 -20.838334883136923 0
1172 -21.0 -20.839951534305555 0
1173 -21.0 -20.8415520189625 0
1174 -21.0 -20.843136498772875 0
1175 -21.0 -20.844705133785148 0
1176 -21.0 -20.846258082447296 0
1177 -21.0 -20.847795501622823 0
1178 -20.0 -20.839317546606594 0
1179 -21.0 -20.840924371140527 59.70215006907392
1180 -21.0 -20.842515127429124 0
1181 -21.0 -20.844089976154834 0
1182 -21.0 -20.845649076393286 0
1183 -21.0 -20.847192585629355 0
1184 -21.0 -20.84872065977306 0
1185 -21.0 -20.85023345317533 0
1186 -21.0 -20.851731118643578 0
1187 -21.0 -20.85321380745714 0
1188 -21.0 -20.854681669382572 0
1189 -21.0 -20.856134852688747 59.38917703495122
1190 -21.0 -20.85757350416186 0
1191 -21.0 -20.85899776912024 0
1192 -21.0 -20.860407791429036 0
1193 -21.0 -20.861803713514746 0
1194 -21.0 -20.8631856763796 0
1195 -21.0 -20.864553819615807 0
1196 -21.0 -20.86590828141965 0
1197 -21.0 -20.867249198605453 0
1198 -21.0 -20.8685767066194 0
1199 -21.0 -20.86989093955321 59.084749168821524
1200 -21.0 -20.871192030157676 0
1201 -21.0 -20.8724801098561 0
1202 -21.0 -20.873755308757538 0
1203 -21.0 -20.875017755669962 0
1204 -21.0 -20.876267578113264 0
1205 -21.0 -20.87750490233213 0
1206 -20.0 -20.86872985330881 0
1207 -21.0 -20.870042554775722 0
1208 -21.0 -20.871342129227966 0
1209 -21.0 -20.872628707935686 60.64955937148246
1210 -21.0 -20.87390242085633 0
1211 -21.0 -20.875163396647768 0
1212 -21.0 -20.87641176268129 0
1213 -21.0 -20.877647645054477 0
1214 -21.0 -20.878871168603933 0
1215 -21.0 -20.880082456917894 0
1216 -21.0 -20.881281632348717 0
1217 -21.0 -20.88246881602523 0
1218 -21.0 -20.88364412786498 0
1219 -21.0 -20.88480768658633 60.451154812361246
1220 -21.0 -20.88595960972047 0
1221 -21.0 -20.887100013623265 0
1222 -21.0 -20.88822901348703 0
1223 -21.0 -20.889346723352162 0
1224 -21.0 -20.89045325611864 0
1225 -21.0 -20.891548723557456 0
1226 -21.0 -20.89263323632188 0
1227 -21.0 -20.893706903958662 0
1228 -21.0 -20.894769834919078 0
1229 -21.0 -20.895822136569887 60.12995358925178
1230 -21.0 -20.89686391520419 0
1231 -21.0 -20.897895276052147 0
1232 -21.0 -20.898916323291626 0
1233 -18.0 -20.869927160058708 0
1234 -21.0 -20.871227888458122 0
1235 -21.0 -20.872515609573544 0
1236 -21.0 -20.87379045347781 0
1237 -21.0 -20.87505254894303 0
1238 -19.0 -20.8563020234536 0
1239 -20.0 -20.847739003219065 59.95358925960633
1240 -21.0 -20.849261613186876 0
1241 -21.0 -20.850768997055006 0
1242 -21.0 -20.852261307084458 0
1243 -21.0 -20.853738694013614 0
1244 -21.0 -20.85520130707348 0
1245 -18.0 -20.826649294002742 0
1246 -20.0 -20.818382801062715 0
1247 -20.0 -20.810198973052085 0
1248 -21.0 -20.812096983321563 0
1249 -21.0 -20.813976013488347 60.75247942185619
1250 -21.0 -20.815836253353464 0
1251 -21.0 -20.81767789081993 0
1252 -21.0 -20.81950111191173 0
1253 -21.0 -20.821306100792615 0
1254 -21.0 -20.82309303978469 0
1255 -20.0 -20.814862109386844 0
1256 -21.0 -20.816713488292976 0
1257 -21.0 -20.818546353410046 0
1258 -21.0 -20.820360889875946 0
1259 -21.0 -20.822157280977187 60.32519329734256
1260 -21.0 -20.823935708167415 0
1261 -21.0 -20.825696351085742 0
1262 -21.0 -20.827439387574884 0
1263 -21.0 -20.829164993699138 0
1264 -21.0 -20.830873343762146 0
1265 -21.0 -20.832564610324525 0
1266 -21.0 -20.83423896422128 0
1267 -21.0 -20.83589657457907 0
1268 -21.0 -20.83753760883328 0
1269 -21.0 -20.839162232744947 60.26477791062978
1270 -21.0 -20.840770610417497 0
1271 -21.0 -20.842362904313323 0
1272 -19.0 -20.82393927527019 0
1273 -21.0 -20.82569988251749 0
1274 -21.0 -20.827442883692317 0
1275 -20.0 -20.819168454855394 0
1276 -21.0 -20.82097677030684 0
1277 -21.0 -20.822767002603772 0
1278 -20.0 -20.814539332577734 0
1279 -20.0 -20.806393939251954 60.19526325508596
1280 -19.0 -20.788329999859435 0
1281 -20.0 -20.78044669986084 0
1282 -21.0 -20.78264223286223 0
1283 -21.0 -20.78481581053361 0
1284 -21.0 -20.786967652428274 0
1285 -15.0 -20.72909797590399 0
1286 -21.0 -20.73180699614495 0
1287 -21.0 -20.734488926183502 0
1288 -21.0 -20.737144036921666 0
1289 -21.0 -20.73977259655245 60.30786238590218
1290 -21.0 -20.742374870586925 0
1291 -21.0 -20.744951121881055 0
1292 -21.0 -20.747501610662244 0
1293 -21.0 -20.75002659455562 0
1294 -21.0 -20.752526328610067 0
1295 -21.0 -20.755001065323967 0
1296 -21.0 -20.757451054670728 0
1297 -21.0 -20.759876544124023 0
1298 -21.0 -20.762277778682783 0
1299 -21.0 -20.764655000895957 61.50567305490214
1300 -20.0 -20.757008450886996 0
1301 -21.0 -20.759438366378127 0
1302 -21.0 -20.761843982714346 0
1303 -21.0 -20.764225542887203 0
1304 -21.0 -20.76658328745833 0
1305 -21.0 -20.76891745458375 0
1306 -20.0 -20.761228280037912 0
1307 -21.0 -20.763615997237533 0
1308 -21.0 -20.76597983726516 0
1309 -21.0 -20.768320038892508 61.30536519075719
1310 -19.0 -20.750636838503585 0
1311 -21.0 -20.75313047011855 0
1312 -21.0 -20.755599165417365 0
1313 -21.0 -20.75804317376319 0
1314 -21.0 -20.76046274202556 0
1315 -21.0 -20.762858114605304 0
1316 -21.0 -20.76522953345925 0
1317 -21.0 -20.76757723812466 0
1318 -21.0 -20.769901465743413 0
1319 -21.0 -20.772202451085978 61.08826742267607
1320 -21.0 -20.774480426575117 0
1321 -21.0 -20.776735622309367 0
1322 -21.0 -20.778968266086274 0
1323 -21.0 -20.78117858342541 0
1324 -21.0 -20.783366797591157 0
1325 -21.0 -20.785533129615246 0
1326 -21.0 -20.787677798319095 0
1327 -21.0 -20.789801020335904 0
1328 -21.0 -20.791903010132547 0
1329 -19.0 -20.773983980031222 60.79222367350935
1330 -21.0 -20.77624414023091 0
1331 -21.0 -20.778481698828603 0
1332 -21.0 -20.780696881840317 0
1333 -21.0 -20.782889913021915 0
1334 -21.0 -20.785061013891696 0
1335 -21.0 -20.78721040375278 0
1336 -21.0 -20.789338299715254 0
1337 -21.0 -20.791444916718103 0
1338 -21.0 -20.793530467550923 0
1339 -21.0 -20.795595162875415 60.40842668497333
1340 -21.0 -20.79763921124666 0
1341 -21.0 -20.799662819134195 0
1342 -21.0 -20.801666190942854 0
1343 -21.0 -20.803649529033425 0
1344 -21.0 -20.805613033743093 0
1345 -21.0 -20.80755690340566 0
1346 -21.0 -20.809481334371604 0
1347 -21.0 -20.811386521027888 0
1348 -21.0 -20.81327265581761 0
1349 -21.0 -20.815139929259434 60.03031520582142
1350 -21.0 -20.81698852996684 0
1351 -21.0 -20.81881864466717 0
1352 -21.0 -20.8206304582205 0
1353 -21.0 -20.822424153638295 0
1354 -21.0 -20.824199912101914 0
1355 -21.0 -20.825957912980897 0
1356 -21.0 -20.82769833385109 0
1357 -21.0 -20.82942135051258 0
1358 -21.0 -20.831127137007453 0
1359 -21.0 -20.83281586563738 59.61187227765768
1360 -21.0 -20.834487706981005 0
1361 -21.0 -20.836142829911196 0
1362 -21.0 -20.837781401612084 0
1363 -21.0 -20.839403587595964 0
1364 -21.0 -20.841009551720006 0
1365 -21.0 -20.842599456202805 0
1366 -21.0 -20.84417346164078 0
1367 -21.0 -20.845731727024372 0
1368 -20.0 -20.837274409754126 0
1369 -21.0 -20.838901665656586 59.1528668003006
1370 -21.0 -20.840512649000022 0
1371 -21.0 -20.842107522510023 0
1372 -21.0 -20.843686447284924 0
1373 -21.0 -20.845249582812077 0
1374 -21.0 -20.84679708698396 0
1375 -21.0 -20.84832911611412 0
1376 -21.0 -20.84984582495298 0
1377 -21.0 -20.85134736670345 0
1378 -21.0 -20.852833893036415 0
1379 -21.0 -20.854305554106052 59.0495128081859
1380 -21.0 -20.855762498564992 0
1381 -21.0 -20.85720487357934 0
1382 -21.0 -20.85863282484355 0
1383 -21.0 -20.860046496595114 0
1384 -21.0 -20.861446031629164 0
1385 -21.0 -20.862831571312874 0
1386 -21.0 -20.864203255599747 0
1387 -20.0 -20.85556122304375 0
1388 -21.0 -20.857005610813314 0
1389 -21.0 -20.85843555470518 59.89740376357698
1390 -21.0 -20.85985119915813 0
1391 -21.0 -20.861252687166548 0
1392 -21.0 -20.862640160294884 0
1393 -21.0 -20.864013758691936 0
1394 -21.0 -20.865373621105018 0
1395 -21.0 -20.866719884893968 0
1396 -21.0 -20.86805268604503 0
1397 -21.0 -20.86937215918458 0
1398 -21.0 -20.870678437592733 0
1399 -21.0 -20.871971653216807 59.84448506742745
1400 -21.0 -20.87325193668464 0
1401 -21.0 -20.874519417317792 0
1402 -20.0 -20.865774223144612 0
1403 -21.0 -20.867116480913168 0
1404 -21.0 -20.868445316104037 0
1405 -21.0 -20.869760862942996 0
1406 -21.0 -20.87106325431357 0
1407 -21.0 -20.872352621770435 0
1408 -21.0 -20.873629095552733 0
1409 -21.0 -20.874892804597206 60.08723878327351
1410 -21.0 -20.876143876551236 0
1411 -21.0 -20.877382437785723 0
1412 -21.0 -20.878608613407867 0
1413 -21.0 -20.879822527273788 0
1414 -21.0 -20.88102430200105 0
1415 -21.0 -20.88221405898104 0
1416 -18.0 -20.85339191839123 0
1417 -21.0 -20.85485799920732 0
1418 -21.0 -20.856309419215247 0
1419 -21.0 -20.857746325023093 59.8464657105974
1420 -21.0 -20.85916886177286 0
1421 -21.0 -20.860577173155132 0
1422 -21.0 -20.86197140142358 0
1423 -21.0 -20.863351687409345 0
1424 -21.0 -20.86471817053525 0
1425 -21.0 -20.8660709888299 0
1426 -21.0 -20.867410278941602 0
1427 -21.0 -20.868736176152186 0
1428 -21.0 -20.870048814390664 0
1429 -21.0 -20.871348326246757 59.71074334831519
1430 -21.0 -20.87263484298429 0
1431 -21.0 -20.87390849455445 0
1432 -21.0 -20.875169409608905 0
1433 -21.0 -20.876417715512815 0
1434 -21.0 -20.877653538357688 0
1435 -21.0 -20.87887700297411 0
1436 -21.0 -20.88008823294437 0
1437 -21.0 -20.881287350614926 0
1438 -21.0 -20.882474477108776 0
1439 -21.0 -20.883649732337688 59.40764417791108
1440 -21.0 -20.88481323501431 0
1441 -21.0 -20.885965102664166 0
1442 -21.0 -20.887105451637524 0
1443 -21.0 -20.88823439712115 0
1444 -21.0 -20.88935205314994 0
1445 -21.0 -20.89045853261844 0
1446 -21.0 -20.891553947292255 0
1447 -21.0 -20.892638407819334 0
1448 -21.0 -20.89371202374114 0
1449 -21.0 -20.89477490350373 60.7774638109158
1450 -21.0 -20.895827154468694 0
1451 -21.0 -20.896868882924007 0
1452 -19.0 -20.877900194094767 0
1453 -21.0 -20.87912119215382 0
1454 -21.0 -20.880329980232283 0
1455 -21.0 -20.88152668042996 0
1456 -21.0 -20.88271141362566 0
1457 -21.0 -20.883884299489406 0
1458 -20.0 -20.87504545649451 0
1459 -21.0 -20.876295001929567 60.65172562709459
1460 -21.0 -20.877532051910272 0
1461 -21.0 -20.87875673139117 0
1462 -21.0 -20.87996916407726 0
1463 -21.0 -20.881169472436486 0
1464 -21.0 -20.882357777712123 0
1465 -20.0 -20.873534199935 0
1466 -21.0 -20.87479885793565 0
1467 -21.0 -20.876050869356295 0
1468 -21.0 -20.877290360662734 0
1469 -21.0 -20.878517457056105 61.955360860925
1470 -21.0 -20.879732282485545 0
1471 -21.0 -20.88093495966069 0
1472 -21.0 -20.882125610064083 0
1473 -21.0 -20.883304353963442 0
1474 -21.0 -20.88447131042381 0
1475 -21.0 -20.885626597319572 0
1476 -21.0 -20.886770331346376 0
1477 -21.0 -20.887902628032915 0
1478 -21.0 -20.889023601752587 0
1479 -21.0 -20.89013336573506 62.24052424233035
1480 -21.0 -20.89123203207771 0
1481 -21.0 -20.892319711756933 0
1482 -21.0 -20.893396514639363 0
1483 -19.0 -20.87446254949297 0
1484 -21.0 -20.875717923998042 0
1485 -21.0 -20.876960744758062 0
1486 -21.0 -20.87819113731048 0
1487 -21.0 -20.879409225937376 0
1488 -18.0 -20.850615133678 0
1489 -21.0 -20.85210898234122 64.07026833545748
1490 -21.0 -20.853587892517808 0
1491 -21.0 -20.85505201359263 0
1492 -21.0 -20.856501493456705 0
1493 -21.0 -20.857936478522138 0
1494 -21.0 -20.859357113736916 0
1495 -21.0 -20.860763542599546 0
1496 -21.0 -20.862155907173552 0
1497 -21.0 -20.863534348101815 0
1498 -20.0 -20.854899004620798 0
1499 -21.0 -20.85635001457459 63.5324617047582
1500 -21.0 -20.857786514428845 0
1501 -20.0 -20.849208649284556 0
1502 -21.0 -20.85071656279171 0
1503 -21.0 -20.852209397163794 0
1504 -20.0 -20.843687303192155 0
1505 -21.0 -20.845250430160235 0
1506 -21.0 -20.846797925858635 0
1507 -21.0 -20.84832994660005 0
1508 -21.0 -20.84984664713405 0
1509 -21.0 -20.85134818066271 63.01017393369222
1510 -21.0 -20.852834698856086 0
1511 -21.0 -20.854306351867525 0
1512 -21.0 -20.85576328834885 0
1513 -21.0 -20.85720565546536 0
1514 -21.0 -20.858633598910707 0
1515 -21.0 -20.8600472629216 0
1516 -21.0 -20.861446790292387 0
1517 -21.0 -20.862832322389465 0
1518 -21.0 -20.86420399916557 0
1519 -21.0 -20.865561959173917 62.7870347156224
1520 -21.0 -20.86690633958218 0
1521 -21.0 -20.86823727618636 0
1522 -21.0 -20.869554903424497 0
1523 -20.0 -20.86085935439025 0
1524 -21.0 -20.862250760846347 0
1525 -21.0 -20.863628253237884 0
1526 -21.0 -20.864991970705507 0
1527 -21.0 -20.86634205099845 0
1528 -21.0 -20.867678630488466 0
1529 -21.0 -20.869001844183583 62.51201500706982
1530 -21.0 -20.870311825741748 0
1531 -21.0 -20.87160870748433 0
1532 -21.0 -20.872892620409488 0
1533 -21.0 -20.874163694205393 0
1534 -21.0 -20.87542205726334 0
1535 -21.0 -20.876667836690707 0
1536 -21.0 -20.8779011583238 0
1537 -21.0 -20.879122146740563 0
1538 -21.0 -20.88033092527316 0
1539 -21.0 -20.881527616020428 62.47309576232093
1540 -21.0 -20.882712339860223 0
1541 -21.0 -20.88388521646162 0
1542 -21.0 -20.885046364297004 0
1543 -21.0 -20.886195900654034 0
1544 -21.0 -20.887333941647494 0
1545 -21.0 -20.88846060223102 0
1546 -21.0 -20.889575996208713 0
1547 -21.0 -20.890680236246627 0
1548 -21.0 -20.89177343388416 0
1549 -21.0 -20.89285569954532 62.53469638873758
1550 -21.0 -20.893927142549867 0
1551 -21.0 -20.894987871124368 0
1552 -21.0 -20.896037992413124 0
1553 -21.0 -20.897077612488992 0
1554 -21.0 -20.898106836364104 0
1555 -21.0 -20.899125768000463 0
1556 -21.0 -20.90013451032046 0
1557 -21.0 -20.901133165217257 0
1558 -21.0 -20.902121833565083 0
1559 -21.0 -20.903100615229434 62.69287923463567
1560 -21.0 -20.90406960907714 0
1561 -21.0 -20.90502891298637 0
1562 -21.0 -20.90597862385651 0
1563 -21.0 -20.906918837617944 0
1564 -21.0 -20.907849649241765 0
1565 -20.0 -20.898771152749347 0
1566 -21.0 -20.899783441221853 0
1567 -21.0 -20.900785606809634 0
1568 -21.0 -20.901777750741537 0
1569 -21.0 -20.902759973234122 63.0918669182507
1570 -21.0 -20.903732373501782 0
1571 -20.0 -20.894695049766764 0
1572 -21.0 -20.895748099269095 0
1573 -19.0 -20.876790618276406 0
1574 -21.0 -20.878022712093642 0
1575 -21.0 -20.879242484972707 0
1576 -21.0 -20.880450060122982 0
1577 -21.0 -20.881645559521754 0
1578 -21.0 -20.882829103926536 0
1579 -21.0 -20.884000812887273 62.86361892424028
1580 -21.0 -20.8851608047584 0
1581 -21.0 -20.886309196710815 0
1582 -21.0 -20.88744610474371 0
1583 -21.0 -20.888571643696274 0
1584 -19.0 -20.86968592725931 0
1585 -21.0 -20.87098906798672 0
1586 -21.0 -20.872279177306854 0
1587 -21.0 -20.873556385533785 0
1588 -21.0 -20.874820821678448 0
1589 -21.0 -20.876072613461663 63.4512740684724
1590 -21.0 -20.877311887327046 0
1591 -21.0 -20.878538768453776 0
1592 -21.0 -20.879753380769237 0
1593 -21.0 -20.880955846961545 0
1594 -21.0 -20.88214628849193 0
1595 -21.0 -20.883324825607012 0
1596 -21.0 -20.884491577350943 0
1597 -21.0 -20.885646661577432 0
1598 -19.0 -20.86679019496166 0
1599 -21.0 -20.868122293012043 63.29624902371042
1600 -21.0 -20.869441070081923 0
1601 -21.0 -20.870746659381105 0
1602 -21.0 -20.872039192787295 0
1603 -21.0 -20.873318800859423 0
1604 -21.0 -20.87458561285083 0
1605 -21.0 -20.87583975672232 0
1606 -21.0 -20.8770813591551 0
1607 -21.0 -20.878310545563547 0
1608 -21.0 -20.879527440107914 0
1609 -21.0 -20.880732165706835 63.30070011870678
1610 -21.0 -20.881924844049767 0
1611 -21.0 -20.88310559560927 0
1612 -21.0 -20.884274539653177 0
1613 -21.0 -20.885431794256647 0
1614 -21.0 -20.88657747631408 0
1615 -21.0 -20.88771170155094 0
1616 -21.0 -20.88883458453543 0
1617 -21.0 -20.889946238690076 0
1618 -21.0 -20.891046776303174 0
1619 -21.0 -20.89213630854014 63.14948286797654
1620 -21.0 -20.89321494545474 0
1621 -20.0 -20.884282796000193 0
1622 -21.0 -20.885439968040192 0
1623 -21.0 -20.88658556835979 0
1624 -21.0 -20.887719712676194 0
1625 -21.0 -20.888842515549435 0
1626 -21.0 -20.889954090393942 0
1627 -21.0 -20.891054549490004 0
1628 -21.0 -20.892144003995107 0
1629 -21.0 -20.893222563955156 63.61024632044956
1630 -21.0 -20.894290338315606 0
1631 -21.0 -20.89534743493245 0
1632 -21.0 -20.896393960583126 0
1633 -21.0 -20.897430020977296 0
1634 -21.0 -20.898455720767522 0
1635 -21.0 -20.89947116355985 0
1636 -21.0 -20.900476451924252 0
1637 -21.0 -20.90147168740501 0
1638 -21.0 -20.90245697053096 0
1639 -21.0 -20.90343240082565 63.28543982479108
1640 -21.0 -20.904398076817394 0
1641 -21.0 -20.90535409604922 0
1642 -21.0 -20.906300555088727 0
1643 -21.0 -20.90723754953784 0
1644 -21.0 -20.908165174042463 0
1645 -21.0 -20.909083522302037 0
1646 -19.0 -20.88999268707902 0
1647 -21.0 -20.89109276020823 0
1648 -21.0 -20.89218183260615 0
1649 -21.0 -20.893260014280088 63.06152605191189
1650 -21.0 -20.894327414137287 0
1651 -21.0 -20.895384139995915 0
1652 -21.0 -20.896430298595956 0
1653 -21.0 -20.89746599561 0
1654 -21.0 -20.898491335653897 0
1655 -19.0 -20.87950642229736 0
1656 -21.0 -20.88071135807439 0
1657 -21.0 -20.881904244493647 0
1658 -21.0 -20.88308520204871 0
1659 -21.0 -20.884254350028225 63.023851702022284
1660 -21.0 -20.885411806527944 0
1661 -21.0 -20.886557688462666 0
1662 -21.0 -20.88769211157804 0
1663 -21.0 -20.88881519046226 0
1664 -21.0 -20.889927038557637 0
1665 -21.0 -20.891027768172062 0
1666 -21.0 -20.892117490490342 0
1667 -21.0 -20.89319631558544 0
1668 -21.0 -20.894264352429584 0
1669 -21.0 -20.89532170890529 63.54735040191231
1670 -21.0 -20.896368491816236 0
1671 -21.0 -20.897404806898074 0
1672 -20.0 -20.88843075882909 0
1673 -21.0 -20.8895464512408 0
1674 -21.0 -20.890650986728392 0
1675 -18.0 -20.86174447686111 0
1676 -19.0 -20.8431270320925 0
1677 -21.0 -20.844695761771575 0
1678 -21.0 -20.84624880415386 0
1679 -21.0 -20.84778631611232 63.59301775156586
1680 -21.0 -20.849308452951195 0
1681 -21.0 -20.850815368421685 0
1682 -21.0 -20.85230721473747 0
1683 -21.0 -20.853784142590094 0
1684 -21.0 -20.855246301164193 0
1685 -21.0 -20.85669383815255 0
1686 -21.0 -20.858126899771026 0
1687 -21.0 -20.859545630773315 0
1688 -21.0 -20.860950174465582 0
1689 -21.0 -20.862340672720926 64.13592197255697
1690 -21.0 -20.863717265993717 0
1691 -19.0 -20.84508009333378 0
1692 -21.0 -20.846629292400443 0
1693 -21.0 -20.84816299947644 0
1694 -21.0 -20.849681369481676 0
1695 -21.0 -20.85118455578686 0
1696 -21.0 -20.85267271022899 0
1697 -21.0 -20.854145983126703 0
1698 -21.0 -20.855604523295437 0
1699 -21.0 -20.857048478062485 64.06827995372433
1700 -21.0 -20.85847799328186 0
1701 -21.0 -20.859893213349043 0
1702 -20.0 -20.85129428121555 0
1703 -21.0 -20.852781338403396 0
1704 -21.0 -20.854253525019363 0
1705 -21.0 -20.85571098976917 0
1706 -21.0 -20.85715387987148 0
1707 -21.0 -20.858582341072765 0
1708 -21.0 -20.859996517662037 0
1709 -21.0 -20.861396552485417 63.68176223628845
1710 -20.0 -20.85278258696056 0
1711 -21.0 -20.854254761090957 0
1712 -21.0 -20.855712213480047 0
1713 -21.0 -20.85715509134525 0
1714 -21.0 -20.8585835404318 0
1715 -21.0 -20.85999770502748 0
1716 -21.0 -20.861397727977206 0
1717 -21.0 -20.862783750697435 0
1718 -21.0 -20.864155913190462 0
1719 -21.0 -20.865514354058558 63.229491344203666
1720 -21.0 -20.866859210517973 0
1721 -21.0 -20.868190618412793 0
1722 -21.0 -20.869508712228665 0
1723 -21.0 -20.87081362510638 0
1724 -21.0 -20.872105488855315 0
1725 -21.0 -20.873384433966763 0
1726 -21.0 -20.874650589627095 0
1727 -21.0 -20.875904083730823 0
1728 -21.0 -20.877145042893517 0
1729 -21.0 -20.878373592464584 63.215713940214236
1730 -21.0 -20.87958985653994 0
1731 -21.0 -20.880793957974543 0
1732 -21.0 -20.881986018394798 0
1733 -21.0 -20.88316615821085 0
1734 -21.0 -20.884334496628743 0
1735 -21.0 -20.885491151662457 0
1736 -21.0 -20.886636240145833 0
1737 -21.0 -20.887769877744375 0
1738 -21.0 -20.888892178966934 0
1739 -21.0 -20.890003257177266 63.37277132564533
1740 -21.0 -20.891103224605494 0
1741 -21.0 -20.892192192359442 0
1742 -21.0 -20.89327027043585 0
1743 -21.0 -20.89433756773149 0
1744 -21.0 -20.895394192054177 0
1745 -21.0 -20.896440250133637 0
1746 -21.0 -20.8974758476323 0
1747 -21.0 -20.898501089155978 0
1748 -21.0 -20.89951607826442 0
1749 -21.0 -20.900520917481774 63.502547183617125
1750 -21.0 -20.901515708306956 0
1751 -21.0 -20.902500551223888 0
1752 -21.0 -20.90347554571165 0
1753 -21.0 -20.904440790254533 0
1754 -21.0 -20.905396382351988 0
1755 -21.0 -20.906342418528467 0
1756 -21.0 -20.907278994343184 0
1757 -21.0 -20.908206204399754 0
1758 -21.0 -20.909124142355758 0
1759 -21.0 -20.9100329009322 63.137571432565736
1760 -21.0 -20.91093257192288 0
1761 -21.0 -20.911823246203653 0
1762 -21.0 -20.91270501374162 0
1763 -21.0 -20.913577963604205 0
1764 -21.0 -20.914442183968163 0
1765 -21.0 -20.915297762128482 0
1766 -21.0 -20.916144784507196 0
1767 -21.0 -20.916983336662124 0
1768 -21.0 -20.917813503295502 0
1769 -21.0 -20.918635368262546 63.036276804319705
1770 -21.0 -20.91944901457992 0
1771 -21.0 -20.920254524434124 0
1772 -21.0 -20.921051979189784 0
1773 -21.0 -20.921841459397886 0
1774 -21.0 -20.922623044803906 0
1775 -21.0 -20.92339681435587 0
1776 -21.0 -20.92416284621231 0
1777 -21.0 -20.92492121775019 0
1778 -21.0 -20.925672005572686 0
1779 -21.0 -20.92641528551696 63.02829626165794
1780 -21.0 -20.92715113266179 0
1781 -21.0 -20.927879621335173 0
1782 -21.0 -20.928600825121823 0
1783 -21.0 -20.929314816870605 0
1784 -21.0 -20.9300216687019 0
1785 -21.0 -20.930721452014883 0
1786 -19.0 -20.911414237494736 0
1787 -21.0 -20.91230009511979 0
1788 -21.0 -20.913177094168592 0
1789 -21.0 -20.914045323226908 63.926373681509986
1790 -21.0 -20.91490486999464 0
1791 -21.0 -20.915755821294695 0
1792 -21.0 -20.91659826308175 0
1793 -21.0 -20.91743228045093 0
1794 -21.0 -20.91825795764642 0
1795 -21.0 -20.91907537806996 0
1796 -21.0 -20.91988462428926 0
1797 -21.0 -20.92068577804637 0
1798 -21.0 -20.921478920265905 0
1799 -21.0 -20.922264131063248 64.36269522958222
1800 -21.0 -20.923041489752617 0
1801 -20.0 -20.91381107485509 0
1802 -21.0 -20.91467296410654 0
1803 -21.0 -20.915526234465474 0
1804 -21.0 -20.91637097212082 0
1805 -21.0 -20.91720726239961 0
1806 -21.0 -20.918035189775615 0
1807 -21.0 -20.91885483787786 0
1808 -21.0 -20.91966628949908 0
1809 -21.0 -20.92046962660409 64.3663735561189
1810 -21.0 -20.921264930338047 0
1811 -20.0 -20.912052281034665 0
1812 -21.0 -20.912931758224317 0
1813 -21.0 -20.913802440642076 0
1814 -21.0 -20.914664416235656 0
1815 -21.0 -20.9155177720733 0
1816 -21.0 -20.91636259435257 0
1817 -21.0 -20.917198968409046 0
1818 -21.0 -20.918026978724956 0
1819 -21.0 -20.918846708937707 64.1090419383988
1820 -21.0 -20.91965824184833 0
1821 -21.0 -20.92046165942985 0
1822 -21.0 -20.921257042835553 0
1823 -21.0 -20.922044472407197 0
1824 -21.0 -20.922824027683127 0
1825 -21.0 -20.923595787406295 0
1826 -20.0 -20.91435982953223 0
1827 -21.0 -20.915216231236908 0
1828 -21.0 -20.91606406892454 0
1829 -21.0 -20.916903428235297 63.699375792939435
1830 -20.0 -20.907734393952943 0
1831 -21.0 -20.908657050013414 0
1832 -21.0 -20.90957047951328 0
1833 -21.0 -20.91047477471815 0
1834 -19.0 -20.891370026970968 0
1835 -21.0 -20.892456326701257 0
1836 -21.0 -20.893531763434247 0
1837 -21.0 -20.894596445799905 0
1838 -21.0 -20.895650481341907 0
1839 -21.0 -20.89669397652849 63.48338287157967
1840 -21.0 -20.897727036763204 0
1841 -21.0 -20.89874976639557 0
1842 -21.0 -20.899762268731617 0
1843 -21.0 -20.9007646460443 0
1844 -20.0 -20.89175699958386 0
1845 -20.0 -20.882839429588017 0
1846 -21.0 -20.884011035292136 0
1847 -21.0 -20.885170924939217 0
1848 -21.0 -20.886319215689827 0
1849 -21.0 -20.88745602353293 63.12168168506085
1850 -21.0 -20.8885814632976 0
1851 -18.0 -20.859695648664626 0
1852 -20.0 -20.851098692177978 0
1853 -21.0 -20.852587705256198 0
1854 -21.0 -20.854061828203637 0
1855 -21.0 -20.8555212099216 0
1856 -21.0 -20.856965997822385 0
1857 -21.0 -20.858396337844162 0
1858 -19.0 -20.839812374465723 0
1859 -19.0 -20.821414250721066 62.97700541554389
1860 -21.0 -20.823200108213857 0
1861 -21.0 -20.82496810713172 0
1862 -21.0 -20.826718426060403 0
1863 -21.0 -20.8284512417998 0
1864 -21.0 -20.830166729381805 0
1865 -21.0 -20.83186506208799 0
1866 -21.0 -20.833546411467108 0
1867 -21.0 -20.835210947352437 0
1868 -20.0 -20.826858837878913 0
1869 -21.0 -20.828590249500124 62.50255242507244
1870 -21.0 -20.830304347005125 0
1871 -21.0 -20.832001303535076 0
1872 -21.0 -20.833681290499726 0
1873 -21.0 -20.83534447759473 0
1874 -21.0 -20.836991032818784 0
1875 -21.0 -20.838621122490597 0
1876 -21.0 -20.840234911265693 0
1877 -21.0 -20.841832562153037 0
1878 -21.0 -20.84341423653151 0
1879 -21.0 -20.844980094166193 62.927600577182226
1880 -21.0 -20.846530293224532 0
1881 -21.0 -20.848064990292286 0
1882 -20.0 -20.83958434038936 0
1883 -21.0 -20.841188496985467 0
1884 -21.0 -20.842776612015612 0
1885 -21.0 -20.844348845895457 0
1886 -21.0 -20.845905357436504 0
1887 -21.0 -20.84744630386214 0
1888 -21.0 -20.848971840823516 0
1889 -21.0 -20.850482122415283 65.47139930254389
1890 -21.0 -20.85197730119113 0
1891 -21.0 -20.85345752817922 0
1892 -21.0 -20.85492295289743 0
1893 -21.0 -20.856373723368456 0
1894 -21.0 -20.85780998613477 0
1895 -21.0 -20.859231886273424 0
1896 -21.0 -20.86063956741069 0
1897 -21.0 -20.862033171736584 0
1898 -20.0 -20.853412840019217 0
1899 -21.0 -20.854878711619026 65.81118173863771
1900 -20.0 -20.846329924502836 0
1901 -21.0 -20.847866625257808 0
1902 -21.0 -20.84938795900523 0
1903 -21.0 -20.85089407941518 0
1904 -21.0 -20.85238513862103 0
1905 -21.0 -20.85386128723482 0
1906 -21.0 -20.855322674362473 0
1907 -21.0 -20.85676944761885 0
1908 -21.0 -20.858201753142662 0
1909 -21.0 -20.859619735611236 65.30377305837808
1910 -21.0 -20.861023538255125 0
1911 -21.0 -20.862413302872575 0
1912 -21.0 -20.86378916984385 0
1913 -21.0 -20.865151278145415 0
1914 -21.0 -20.86649976536396 0
1915 -21.0 -20.867834767710324 0
1916 -21.0 -20.86915642003322 0
1917 -21.0 -20.87046485583289 0
1918 -21.0 -20.871760207274562 0
1919 -21.0 -20.873042605201817 66.53487242966095
1920 -21.0 -20.8743121791498 0
1921 -21.0 -20.8755690573583 0
1922 -21.0 -20.87681336678472 0
1923 -21.0 -20.878045233116875 0
1924 -21.0 -20.879264780785707 0
1925 -21.0 -20.88047213297785 0
1926 -21.0 -20.881667411648074 0
1927 -21.0 -20.882850737531594 0
1928 -21.0 -20.88402223015628 0
1929 -21.0 -20.885182007854716 66.20591289850888
1930 -21.0 -20.88633018777617 0
1931 -21.0 -20.88746688589841 0
1932 -21.0 -20.888592217039424 0
1933 -21.0 -20.88970629486903 0
1934 -21.0 -20.89080923192034 0
1935 -21.0 -20.89190113960114 0
1936 -21.0 -20.892982128205126 0
1937 -21.0 -20.894052306923076 0
1938 -21.0 -20.895111783853846 0
1939 -21.0 -20.89616066601531 65.89122794261549
1940 -21.0 -20.897199059355156 0
1941 -21.0 -20.898227068761607 0
1942 -21.0 -20.89924479807399 0
1943 -21.0 -20.90025235009325 0
1944 -21.0 -20.90124982659232 0
1945 -21.0 -20.902237328326397 0
1946 -21.0 -20.903214955043133 0
1947 -21.0 -20.904182805492702 0
1948 -21.0 -20.905140977437775 0
1949 -21.0 -20.906089567663397 66.039115097207
1950 -20.0 -20.897028671986764 0
1951 -21.0 -20.898058385266896 0
1952 -21.0 -20.89907780141423 0
1953 -21.0 -20.900087023400086 0
1954 -21.0 -20.901086153166087 0
1955 -21.0 -20.90207529163443 0
1956 -21.0 -20.903054538718084 0
1957 -21.0 -20.904023993330902 0
1958 -21.0 -20.904983753397595 0
1959 -21.0 -20.90593391586362 65.6884632878643
1960 -21.0 -20.906874576704986 0
1961 -20.0 -20.897805830937937 0
1962 -21.0 -20.898827772628557 0
1963 -21.0 -20.899839494902274 0
1964 -21.0 -20.90084109995325 0
1965 -21.0 -20.901832688953718 0
1966 -21.0 -20.90281436206418 0
1967 -21.0 -20.90378621844354 0
1968 -21.0 -20.904748356259105 0
1969 -21.0 -20.905700872696514 65.38620741911441
1970 -21.0 -20.90664386396955 0
1971 -21.0 -20.907577425329855 0
1972 -21.0 -20.908501651076556 0
1973 -20.0 -20.89941663456579 0
1974 -21.0 -20.900422468220132 0
1975 -21.0 -20.901418243537933 0
1976 -21.0 -20.902404061102555 0
1977 -21.0 -20.90338002049153 0
1978 -21.0 -20.904346220286612 0
1979 -21.0 -20.905302758083746 65.64273169616709
1980 -21.0 -20.90624973050291 0
1981 -21.0 -20.90718723319788 0
1982 -21.0 -20.908115360865903 0
1983 -21.0 -20.909034207257246 0
1984 -21.0 -20.909943865184676 0
1985 -21.0 -20.91084442653283 0
1986 -21.0 -20.9117359822675 0
1987 -21.0 -20.91261862244483 0
1988 -21.0 -20.91349243622038 0
1989 -21.0 -20.914357511858178 65.28515263788879
1990 -21.0 -20.915213936739598 0
1991 -21.0 -20.9160617973722 0
1992 -21.0 -20.91690117939848 0
1993 -21.0 -20.917732167604495 0
1994 -21.0 -20.91855484592845 0
1995 -21.0 -20.919369297469167 0
1996 -21.0 -20.920175604494474 0
1997 -21.0 -20.92097384844953 0
1998 -21.0 -20.921764109965036 0
1999 -21.0 -20.922546468865384 65.46611389150654
