0 -20.0 -20.0 0
1 -21.0 -20.01 0
2 -21.0 -20.019900000000003 0
3 -21.0 -20.029701000000003 0
4 -21.0 -20.039403990000004 0
5 -21.0 -20.049009950100004 0
6 -19.0 -20.038519850599005 0
7 -19.0 -20.028134652093016 0
8 -21.0 -20.037853305572085 0
9 -20.0 -20.037474772516365 0.08290395493702923
10 -21.0 -20.047100024791202 0
11 -20.0 -20.04662902454329 0
12 -21.0 -20.056162734297857 0
13 -21.0 -20.06560110695488 0
14 -20.0 -20.06494509588533 0
15 -21.0 -20.07429564492648 0
16 -21.0 -20.083552688477216 0
17 -19.0 -20.072717161592443 0
18 -20.0 -20.07198998997652 0
19 -21.0 -20.081270090076753 0.11892599565174515
20 -21.0 -20.090457389175985 0
21 -21.0 -20.099552815284227 0
22 -21.0 -20.108557287131386 0
23 -21.0 -20.117471714260073 0
24 -21.0 -20.126296997117475 0
25 -21.0 -20.1350340271463 0
26 -21.0 -20.143683686874837 0
27 -21.0 -20.15224685000609 0
28 -21.0 -20.16072438150603 0
29 -21.0 -20.169117137690968 0.15777390047145676
30 -21.0 -20.177425966314058 0
31 -21.0 -20.18565170665092 0
32 -20.0 -20.18379518958441 0
33 -20.0 -20.181957237688565 0
34 -21.0 -20.19013766531168 0
35 -19.0 -20.178236288658567 0
36 -21.0 -20.186453925771982 0
37 -21.0 -20.194589386514263 0
38 -20.0 -20.19264349264912 0
39 -21.0 -20.200717057722628 0.23072889592463194
40 -18.0 -20.178709887145402 0
41 -21.0 -20.18692278827395 0
42 -20.0 -20.18505356039121 0
43 -19.0 -20.1732030247873 0
44 -20.0 -20.171470994539426 0
45 -21.0 -20.17975628459403 0
46 -21.0 -20.187958721748092 0
47 -20.0 -20.186079134530612 0
48 -20.0 -20.184218343185304 0
49 -20.0 -20.18237615975345 0.2774986282250935
50 -21.0 -20.190552398155916 0
51 -21.0 -20.198646874174358 0
52 -21.0 -20.206660405432615 0
53 -21.0 -20.21459380137829 0
54 -21.0 -20.222447863364508 0
55 -21.0 -20.230223384730863 0
56 -20.0 -20.227921150883553 0
57 -21.0 -20.23564193937472 0
58 -21.0 -20.243285519980972 0
59 -21.0 -20.250852664781164 0.31084741533100646
60 -21.0 -20.258344138133353 0
61 -21.0 -20.26576069675202 0
62 -21.0 -20.273103089784502 0
63 -21.0 -20.28037205888666 0
64 -21.0 -20.287568338297792 0
65 -18.0 -20.264692654914814 0
66 -21.0 -20.272045728365665 0
67 -21.0 -20.27932527108201 0
68 -21.0 -20.28653201837119 0
69 -21.0 -20.29366669818748 0.3350491224246439
70 -20.0 -20.290730031205605 0
71 -21.0 -20.29782273089355 0
72 -21.0 -20.304844503584615 0
73 -21.0 -20.31179605854877 0
74 -19.0 -20.298678097963283 0
75 -21.0 -20.30569131698365 0
76 -17.0 -20.272634403813818 0
77 -21.0 -20.279908059775682 0
78 -21.0 -20.287108979177926 0
79 -20.0 -20.284237889386144 0.39464176174592636
80 -21.0 -20.291395510492283 0
81 -21.0 -20.29848155538736 0
82 -21.0 -20.30549673983349 0
83 -21.0 -20.312441772435157 0
84 -19.0 -20.29931735471081 0
85 -21.0 -20.306324181163703 0
86 -21.0 -20.313260939352066 0
87 -21.0 -20.320128329958546 0
88 -19.0 -20.306927046658963 0
89 -21.0 -20.313857776192375 0.4467623164744189
90 -21.0 -20.320719198430453 0
91 -21.0 -20.32751200644615 0
92 -21.0 -20.33423688638169 0
93 -20.0 -20.33089451751787 0
94 -21.0 -20.33758557234269 0
95 -21.0 -20.344209716619265 0
96 -21.0 -20.350767619453073 0
97 -20.0 -20.347259943258543 0
98 -19.0 -20.333787343825957 0
99 -21.0 -20.3404494703877 0.48238912854856325
100 -21.0 -20.347044975683822 0
101 -21.0 -20.353574525926984 0
102 -21.0 -20.360038780667715 0
103 -19.0 -20.34643839286104 0
104 -21.0 -20.352974008932428 0
105 -21.0 -20.359444268843106 0
106 -20.0 -20.355849826154675 0
107 -21.0 -20.36229132789313 0
108 -20.0 -20.358668414614197 0
109 -21.0 -20.365081730468056 0.5624403394959611
110 -21.0 -20.371430913163376 0
111 -20.0 -20.36771660403174 0
112 -21.0 -20.374039437991424 0
113 -21.0 -20.38029904361151 0
114 -21.0 -20.386496053175396 0
115 -21.0 -20.392631092643644 0
116 -21.0 -20.398704781717207 0
117 -21.0 -20.404717733900036 0
118 -21.0 -20.410670556561037 0
119 -21.0 -20.416563850995427 0.6424469225341694
120 -21.0 -20.422398212485472 0
121 -20.0 -20.418174230360616 0
122 -21.0 -20.42399248805701 0
123 -20.0 -20.419752563176438 0
124 -21.0 -20.425555037544672 0
125 -21.0 -20.431299487169227 0
126 -21.0 -20.436986492297535 0
127 -19.0 -20.422616627374563 0
128 -21.0 -20.42839046110082 0
129 -21.0 -20.434106556489812 0.7343026694081521
130 -21.0 -20.439765490924916 0
131 -18.0 -20.415367836015665 0
132 -21.0 -20.42121415765551 0
133 -20.0 -20.417002016078953 0
134 -21.0 -20.422831995918166 0
135 -20.0 -20.418603675958984 0
136 -18.0 -20.394417639199393 0
137 -20.0 -20.3904734628074 0
138 -21.0 -20.396568728179325 0
139 -21.0 -20.40260304089753 0.7710154927206091
140 -21.0 -20.408577010488557 0
141 -19.0 -20.394491240383672 0
142 -21.0 -20.400546327979836 0
143 -21.0 -20.406540864700037 0
144 -21.0 -20.412475456053038 0
145 -20.0 -20.408350701492505 0
146 -20.0 -20.40426719447758 0
147 -18.0 -20.380224522532803 0
148 -21.0 -20.386422277307474 0
149 -20.0 -20.3825580545344 0.8065512476046701
150 -20.0 -20.378732473989054 0
151 -21.0 -20.384945149249162 0
152 -21.0 -20.391095697756672 0
153 -17.0 -20.357184740779108 0
154 -20.0 -20.353612893371317 0
155 -21.0 -20.360076764437604 0
156 -21.0 -20.36647599679323 0
157 -19.0 -20.3528112368253 0
158 -21.0 -20.359283124457047 0
159 -18.0 -20.335690293212476 0.8750162669114337
160 -21.0 -20.342333390280352 0
161 -21.0 -20.348910056377548 0
162 -20.0 -20.345420955813772 0
163 -21.0 -20.351966746255634 0
164 -19.0 -20.338447078793077 0
165 -20.0 -20.335062608005146 0
166 -20.0 -20.331711981925093 0
167 -19.0 -20.318394862105844 0
168 -21.0 -20.325210913484785 0
169 -19.0 -20.31195880434994 1.0414964718847368
170 -20.0 -20.30883921630644 0
171 -21.0 -20.315750824143375 0
172 -21.0 -20.32259331590194 0
173 -20.0 -20.31936738274292 0
174 -21.0 -20.326173708915494 0
175 -21.0 -20.33291197182634 0
176 -21.0 -20.33958285210808 0
177 -21.0 -20.346187023587 0
178 -21.0 -20.35272515335113 0
179 -19.0 -20.33919790181762 1.1366210009557631
180 -19.0 -20.325805922799447 0
181 -18.0 -20.30254786357145 0
182 -20.0 -20.299522384935734 0
183 -21.0 -20.30652716108638 0
184 -21.0 -20.313461889475516 0
185 -21.0 -20.320327270580762 0
186 -20.0 -20.317123997874955 0
187 -21.0 -20.323952757896205 0
188 -21.0 -20.330713230317244 0
189 -19.0 -20.31740609801407 1.2143347029613263
190 -21.0 -20.32423203703393 0
191 -21.0 -20.33098971666359 0
192 -20.0 -20.327679819496954 0
193 -21.0 -20.334403021301984 0
194 -20.0 -20.331058991088963 0
195 -21.0 -20.337748401178075 0
196 -21.0 -20.344370917166295 0
197 -21.0 -20.350927207994634 0
198 -21.0 -20.357417935914686 0
199 -21.0 -20.36384375655554 1.2965635031860976
200 -21.0 -20.370205318989985 0
201 -21.0 -20.376503265800086 0
202 -21.0 -20.382738233142085 0
203 -21.0 -20.388910850810664 0
204 -21.0 -20.395021742302557 0
205 -21.0 -20.401071524879534 0
206 -19.0 -20.38706080963074 0
207 -20.0 -20.383190201534433 0
208 -21.0 -20.38935829951909 0
209 -18.0 -20.365464716523896 1.3086586954185144
210 -21.0 -20.371810069358656 0
211 -18.0 -20.34809196866507 0
212 -21.0 -20.35461104897842 0
213 -21.0 -20.361064938488635 0
214 -19.0 -20.34745428910375 0
215 -21.0 -20.353979746212715 0
216 -21.0 -20.36043994875059 0
217 -21.0 -20.366835549263083 0
218 -20.0 -20.36316719377045 0
219 -21.0 -20.36953552183275 1.3370842804438945
220 -21.0 -20.37584016661442 0
221 -20.0 -20.372081764948277 0
222 -21.0 -20.378360947298795 0
223 -21.0 -20.384577337825807 0
224 -21.0 -20.39073156444755 0
225 -21.0 -20.396824248803075 0
226 -21.0 -20.402856006315044 0
227 -21.0 -20.408827446251895 0
228 -21.0 -20.414739171789375 0
229 -20.0 -20.41059178007148 1.3625169327112487
230 -21.0 -20.41648586227077 0
231 -19.0 -20.402321003648062 0
232 -21.0 -20.40829779361158 0
233 -21.0 -20.414214815675464 0
234 -21.0 -20.42007266751871 0
235 -21.0 -20.425871940843525 0
236 -21.0 -20.43161322143509 0
237 -21.0 -20.43729708922074 0
238 -21.0 -20.44292411832853 0
239 -21.0 -20.448494877145247 1.4022967577470482
240 -21.0 -20.454009928373797 0
241 -20.0 -20.44946982909006 0
242 -21.0 -20.45497513079916 0
243 -21.0 -20.46042537949117 0
244 -21.0 -20.46582112569626 0
245 -21.0 -20.471162914439297 0
246 -21.0 -20.476451285294903 0
247 -19.0 -20.461686772441954 0
248 -21.0 -20.467069904717537 0
249 -21.0 -20.472399205670364 1.434893207816794
250 -21.0 -20.47767521361366 0
251 -21.0 -20.482898461477525 0
252 -21.0 -20.48806947686275 0
253 -21.0 -20.493188782094123 0
254 -20.0 -20.48825689427318 0
255 -21.0 -20.49337432533045 0
256 -20.0 -20.488440582077146 0
257 -21.0 -20.493556176256376 0
258 -21.0 -20.498620614493813 0
259 -21.0 -20.503634408348876 1.4581629489905392
260 -21.0 -20.50859806426539 0
261 -21.0 -20.513512083622736 0
262 -20.0 -20.508376962786507 0
263 -20.0 -20.50329319315864 0
264 -21.0 -20.508260261227054 0
265 -21.0 -20.513177658614783 0
266 -21.0 -20.518045882028634 0
267 -18.0 -20.492865423208347 0
268 -21.0 -20.497936768976263 0
269 -21.0 -20.5029574012865 1.6120953376715905
270 -21.0 -20.507927827273637 0
271 -21.0 -20.5128485490009 0
272 -21.0 -20.517720063510893 0
273 -21.0 -20.522542862875785 0
274 -21.0 -20.527317434247028 0
275 -19.0 -20.51204425990456 0
276 -21.0 -20.516923817305514 0
277 -20.0 -20.511754579132457 0
278 -20.0 -20.506637033341132 0
279 -21.0 -20.51157066300772 1.6450925130767198
280 -21.0 -20.516454956377643 0
281 -21.0 -20.52129040681387 0
282 -21.0 -20.526077502745732 0
283 -21.0 -20.530816727718275 0
284 -21.0 -20.53550856044109 0
285 -21.0 -20.540153474836682 0
286 -21.0 -20.544751940088315 0
287 -21.0 -20.54930442068743 0
288 -21.0 -20.553811376480557 0
289 -21.0 -20.55827326271575 1.6774256387850575
290 -21.0 -20.562690530088595 0
291 -21.0 -20.56706362478771 0
292 -21.0 -20.571392988539834 0
293 -19.0 -20.555679058654437 0
294 -20.0 -20.55012226806789 0
295 -21.0 -20.554621045387215 0
296 -19.0 -20.539074834933345 0
297 -21.0 -20.543684086584012 0
298 -21.0 -20.548247245718173 0
299 -21.0 -20.552764773260993 1.7090979820325298
300 -20.0 -20.547237125528383 0
301 -21.0 -20.5517647542731 0
302 -21.0 -20.55624710673037 0
303 -21.0 -20.56068463566307 0
304 -20.0 -20.555077789306438 0
305 -20.0 -20.54952701141337 0
306 -21.0 -20.554031741299237 0
307 -21.0 -20.558491423886245 0
308 -20.0 -20.552906509647382 0
309 -21.0 -20.55737744455091 1.7411350415452234
310 -21.0 -20.5618036701054 0
311 -21.0 -20.56618563340435 0
312 -21.0 -20.570523777070306 0
313 -20.0 -20.5648185392996 0
314 -21.0 -20.569170353906607 0
315 -21.0 -20.57347865036754 0
316 -21.0 -20.577743863863866 0
317 -21.0 -20.58196642522523 0
318 -21.0 -20.586146760972976 0
319 -21.0 -20.590285293363248 1.777942519275484
320 -20.0 -20.584382440429614 0
321 -21.0 -20.588538616025318 0
322 -21.0 -20.592653229865064 0
323 -21.0 -20.596726697566414 0
324 -20.0 -20.590759430590747 0
325 -21.0 -20.59485183628484 0
326 -20.0 -20.58890331792199 0
327 -21.0 -20.59301428474277 0
328 -21.0 -20.597084141895344 0
329 -21.0 -20.601113300476392 1.8280151866282868
330 -21.0 -20.605102167471628 0
331 -21.0 -20.60905114579691 0
332 -20.0 -20.60296063433894 0
333 -20.0 -20.596931027995552 0
334 -21.0 -20.6009617177156 0
335 -21.0 -20.604952100538444 0
336 -21.0 -20.608902579533062 0
337 -20.0 -20.60281355373773 0
338 -20.0 -20.59678541820035 0
339 -20.0 -20.590817564018348 1.8681564949817397
340 -21.0 -20.594909388378166 0
341 -19.0 -20.578960294494387 0
342 -20.0 -20.573170691549443 0
343 -21.0 -20.57743898463395 0
344 -20.0 -20.57166459478761 0
345 -21.0 -20.575947948839733 0
346 -21.0 -20.580188469351338 0
347 -19.0 -20.564386584657825 0
348 -18.0 -20.538742718811246 0
349 -21.0 -20.543355291623133 1.8837660688439046
350 -21.0 -20.5479217387069 0
351 -20.0 -20.54244252131983 0
352 -21.0 -20.547018096106633 0
353 -19.0 -20.53154791514557 0
354 -21.0 -20.536232435994116 0
355 -21.0 -20.540870111634174 0
356 -21.0 -20.545461410517834 0
357 -21.0 -20.550006796412656 0
358 -21.0 -20.55450672844853 0
359 -21.0 -20.558961661164044 1.9151136433766207
360 -21.0 -20.563372044552406 0
361 -20.0 -20.557738324106882 0
362 -20.0 -20.55216094086581 0
363 -21.0 -20.556639331457152 0
364 -19.0 -20.54107293814258 0
365 -20.0 -20.535662208761153 0
366 -21.0 -20.540305586673544 0
367 -21.0 -20.54490253080681 0
368 -21.0 -20.549453505498743 0
369 -20.0 -20.543958970443754 1.9544148391369462
370 -20.0 -20.538519380739316 0
371 -20.0 -20.53313418693192 0
372 -21.0 -20.537802845062604 0
373 -20.0 -20.53242481661198 0
374 -21.0 -20.537100568445858 0
375 -21.0 -20.5417295627614 0
376 -21.0 -20.546312267133786 0
377 -19.0 -20.530849144462447 0
378 -21.0 -20.535540653017822 0
379 -20.0 -20.530185246487644 2.043198233910743
380 -21.0 -20.534883394022767 0
381 -21.0 -20.53953456008254 0
382 -21.0 -20.544139214481714 0
383 -21.0 -20.548697822336898 0
384 -18.0 -20.523210844113528 0
385 -21.0 -20.527978735672395 0
386 -21.0 -20.532698948315673 0
387 -19.0 -20.517371958832516 0
388 -21.0 -20.52219823924419 0
389 -21.0 -20.52697625685175 2.0956537702058333
390 -21.0 -20.531706494283235 0
391 -21.0 -20.536389429340403 0
392 -18.0 -20.511025535046997 0
393 -21.0 -20.51591527969653 0
394 -21.0 -20.520756126899563 0
395 -21.0 -20.52554856563057 0
396 -21.0 -20.530293079974264 0
397 -21.0 -20.534990149174522 0
398 -20.0 -20.529640247682774 0
399 -21.0 -20.534343845205946 2.1561538431386174
400 -20.0 -20.529000406753884 0
401 -21.0 -20.533710402686346 0
402 -21.0 -20.538373298659483 0
403 -21.0 -20.54298956567289 0
404 -21.0 -20.547559670016163 0
405 -21.0 -20.552084073316003 0
406 -21.0 -20.556563232582842 0
407 -19.0 -20.540997600257015 0
408 -20.0 -20.535587624254443 0
409 -20.0 -20.530231748011897 2.178328373384545
410 -20.0 -20.524929430531778 0
411 -21.0 -20.52968013622646 0
412 -20.0 -20.524383334864194 0
413 -21.0 -20.52913950151555 0
414 -21.0 -20.533848106500397 0
415 -21.0 -20.538509625435392 0
416 -19.0 -20.52312452918104 0
417 -20.0 -20.51789328388923 0
418 -21.0 -20.522714351050336 0
419 -21.0 -20.527487207539835 2.2246801200464903
420 -21.0 -20.532212335464436 0
421 -21.0 -20.536890212109792 0
422 -21.0 -20.541521309988696 0
423 -21.0 -20.54610609688881 0
424 -21.0 -20.55064503591992 0
425 -21.0 -20.555138585560723 0
426 -19.0 -20.539587199705117 0
427 -21.0 -20.544191327708067 0
428 -21.0 -20.548749414430986 0
429 -20.0 -20.543261920286675 2.258534188624727
430 -21.0 -20.54782930108381 0
431 -21.0 -20.55235100807297 0
432 -21.0 -20.55682749799224 0
433 -21.0 -20.56125922301232 0
434 -20.0 -20.555646630782196 0
435 -19.0 -20.540090164474375 0
436 -20.0 -20.53468926282963 0
437 -21.0 -20.539342370201336 0
438 -21.0 -20.543948946499324 0
439 -21.0 -20.54850945703433 2.2917086777974625
440 -20.0 -20.54302436246399 0
441 -20.0 -20.537594118839348 0
442 -21.0 -20.542218177650955 0
443 -21.0 -20.546795995874447 0
444 -21.0 -20.551328035915702 0
445 -18.0 -20.525814755556546 0
446 -21.0 -20.530556608000982 0
447 -21.0 -20.535251041920972 0
448 -21.0 -20.539898531501763 0
449 -21.0 -20.544499546186746 2.3118997058929747
450 -21.0 -20.54905455072488 0
451 -21.0 -20.55356400521763 0
452 -20.0 -20.548028365165454 0
453 -19.0 -20.5325480815138 0
454 -21.0 -20.537222600698662 0
455 -21.0 -20.541850374691677 0
456 -20.0 -20.53643187094476 0
457 -21.0 -20.54106755223531 0
458 -21.0 -20.545656876712957 0
459 -21.0 -20.55020030794583 2.343937427275123
460 -21.0 -20.55469830486637 0
461 -21.0 -20.55915132181771 0
462 -19.0 -20.543559808599532 0
463 -21.0 -20.54812421051354 0
464 -21.0 -20.552642968408403 0
465 -20.0 -20.547116538724318 0
466 -20.0 -20.541645373337072 0
467 -20.0 -20.5362289196037 0
468 -21.0 -20.540866630407663 0
469 -21.0 -20.545457964103587 2.408862707093515
470 -21.0 -20.550003384462553 0
471 -20.0 -20.544503350617926 0
472 -19.0 -20.529058317111748 0
473 -21.0 -20.533767733940632 0
474 -21.0 -20.538430056601225 0
475 -20.0 -20.53304575603521 0
476 -21.0 -20.537715298474858 0
477 -20.0 -20.532338145490108 0
478 -20.0 -20.527014764035208 0
479 -21.0 -20.531744616394857 2.4471149415861095
480 -21.0 -20.53642717023091 0
481 -21.0 -20.5410628985286 0
482 -21.0 -20.545652269543314 0
483 -19.0 -20.530195746847884 0
484 -21.0 -20.534893789379407 0
485 -21.0 -20.539544851485612 0
486 -20.0 -20.534149402970755 0
487 -21.0 -20.53880790894105 0
488 -21.0 -20.54341982985164 0
489 -20.0 -20.537985631553124 2.4738333654627787
490 -21.0 -20.542605775237593 0
491 -21.0 -20.547179717485218 0
492 -20.0 -20.541707920310365 0
493 -20.0 -20.53629084110726 0
494 -21.0 -20.54092793269619 0
495 -19.0 -20.52551865336923 0
496 -21.0 -20.53026346683554 0
497 -21.0 -20.534960832167183 0
498 -21.0 -20.53961122384551 0
499 -20.0 -20.534215111607057 2.5127610861050433
500 -20.0 -20.528872960490986 0
501 -21.0 -20.533584230886078 0
502 -21.0 -20.538248388577216 0
503 -21.0 -20.542865904691446 0
504 -20.0 -20.53743724564453 0
505 -20.0 -20.53206287318808 0
506 -21.0 -20.536742244456203 0
507 -20.0 -20.53137482201164 0
508 -20.0 -20.52606107379152 0
509 -20.0 -20.520800463053604 2.643151144403634
510 -21.0 -20.52559245842307 0
511 -21.0 -20.530336533838838 0
512 -20.0 -20.52503316850045 0
513 -21.0 -20.529782836815446 0
514 -21.0 -20.53448500844729 0
515 -21.0 -20.53914015836282 0
516 -21.0 -20.54374875677919 0
517 -21.0 -20.5483112692114 0
518 -21.0 -20.552828156519286 0
519 -21.0 -20.557299874954094 2.6851228404649494
520 -21.0 -20.561726876204553 0
521 -21.0 -20.566109607442506 0
522 -21.0 -20.57044851136808 0
523 -21.0 -20.5747440262544 0
524 -18.0 -20.548996585991855 0
525 -21.0 -20.553506620131937 0
526 -21.0 -20.557971553930617 0
527 -21.0 -20.56239183839131 0
528 -19.0 -20.546767920007397 0
529 -21.0 -20.551300240807326 2.703707940149083
530 -20.0 -20.545787238399253 0
531 -20.0 -20.54032936601526 0
532 -21.0 -20.544926072355107 0
533 -21.0 -20.549476811631557 0
534 -21.0 -20.55398204351524 0
535 -21.0 -20.55844222308009 0
536 -16.0 -20.51285780084929 0
537 -20.0 -20.507729222840794 0
538 -21.0 -20.512651930612385 0
539 -18.0 -20.48752541130626 2.7104769188345723
540 -21.0 -20.4926501571932 0
541 -21.0 -20.497723655621268 0
542 -21.0 -20.502746419065055 0
543 -21.0 -20.507718954874406 0
544 -21.0 -20.51264176532566 0
545 -21.0 -20.517515347672404 0
546 -21.0 -20.52234019419568 0
547 -21.0 -20.527116792253725 0
548 -21.0 -20.53184562433119 0
549 -21.0 -20.53652716808788 2.7658600482393942
550 -21.0 -20.541161896407 0
551 -16.0 -20.49575027744293 0
552 -21.0 -20.5007927746685 0
553 -21.0 -20.505784846921816 0
554 -21.0 -20.5107269984526 0
555 -20.0 -20.505619728468073 0
556 -21.0 -20.510563531183394 0
557 -20.0 -20.505457895871558 0
558 -19.0 -20.490403316912843 0
559 -20.0 -20.485499283743714 2.832557586674109
560 -21.0 -20.49064429090628 0
561 -21.0 -20.495737847997216 0
562 -20.0 -20.490780469517244 0
563 -21.0 -20.495872664822073 0
564 -21.0 -20.500913938173852 0
565 -21.0 -20.505904798792113 0
566 -20.0 -20.500845750804192 0
567 -21.0 -20.50583729329615 0
568 -21.0 -20.51077892036319 0
569 -21.0 -20.51567113115956 2.933305824445678
570 -21.0 -20.520514419847967 0
571 -20.0 -20.515309275649486 0
572 -21.0 -20.520156182892993 0
573 -21.0 -20.524954621064065 0
574 -20.0 -20.519705074853423 0
575 -21.0 -20.52450802410489 0
576 -21.0 -20.52926294386384 0
577 -21.0 -20.533970314425204 0
578 -17.0 -20.498630611280955 0
579 -21.0 -20.503644305168145 2.9659388536766476
580 -20.0 -20.49860786211646 0
581 -21.0 -20.503621783495298 0
582 -21.0 -20.508585565660347 0
583 -19.0 -20.493499710003746 0
584 -21.0 -20.49856471290371 0
585 -21.0 -20.503579065774673 0
586 -21.0 -20.508543275116928 0
587 -20.0 -20.50345784236576 0
588 -21.0 -20.508423263942102 0
589 -21.0 -20.51333903130268 2.9931097379656615
590 -21.0 -20.518205640989656 0
591 -21.0 -20.52302358457976 0
592 -20.0 -20.517793348733964 0
593 -19.0 -20.502615415246623 0
594 -19.0 -20.487589261094158 0
595 -21.0 -20.492713368483216 0
596 -20.0 -20.48778623479838 0
597 -21.0 -20.492908372450398 0
598 -20.0 -20.487979288725892 0
599 -21.0 -20.493099495838635 3.066600033284947
600 -21.0 -20.49816850088025 0
601 -19.0 -20.48318681587145 0
602 -21.0 -20.488354947712736 0
603 -20.0 -20.483471398235608 0
604 -21.0 -20.48863668425325 0
605 -21.0 -20.49375031741072 0
606 -21.0 -20.49881281423661 0
607 -21.0 -20.503824686094244 0
608 -21.0 -20.5087864392333 0
609 -21.0 -20.51369857484097 3.1069233137512273
610 -21.0 -20.51856158909256 0
611 -21.0 -20.523375973201635 0
612 -21.0 -20.528142213469618 0
613 -21.0 -20.532860791334922 0
614 -19.0 -20.517532183421576 0
615 -20.0 -20.51235686158736 0
616 -21.0 -20.517233292971486 0
617 -21.0 -20.52206096004177 0
618 -21.0 -20.526840350441354 0
619 -21.0 -20.531571946936943 3.219317918951794
620 -21.0 -20.536256227467575 0
621 -21.0 -20.5408936651929 0
622 -21.0 -20.545484728540973 0
623 -19.0 -20.530029881255565 0
624 -21.0 -20.53472958244301 0
625 -21.0 -20.53938228661858 0
626 -19.0 -20.523988463752396 0
627 -20.0 -20.51874857911487 0
628 -21.0 -20.52356109332372 0
629 -21.0 -20.528325482390485 3.2249915341562967
630 -21.0 -20.533042227566582 0
631 -21.0 -20.537711805290918 0
632 -19.0 -20.52233468723801 0
633 -21.0 -20.527111340365632 0
634 -21.0 -20.531840226961975 0
635 -20.0 -20.526521824692356 0
636 -21.0 -20.53125660644543 0
637 -21.0 -20.53594404038098 0
638 -21.0 -20.54058459997717 0
639 -21.0 -20.5451787539774 3.2469252985487205
640 -21.0 -20.549726966437625 0
641 -20.0 -20.544229696773247 0
642 -21.0 -20.548787399805516 0
643 -20.0 -20.54329952580746 0
644 -21.0 -20.547866530549385 0
645 -21.0 -20.55238786524389 0
646 -21.0 -20.556863986591452 0
647 -20.0 -20.551295346725535 0
648 -21.0 -20.55578239325828 0
649 -21.0 -20.560224569325698 3.3082059732393794
650 -21.0 -20.56462232363244 0
651 -19.0 -20.548976100396118 0
652 -21.0 -20.55348633939216 0
653 -21.0 -20.557951475998237 0
654 -18.0 -20.532371961238255 0
655 -21.0 -20.53704824162587 0
656 -21.0 -20.541677759209612 0
657 -21.0 -20.546260981617518 0
658 -21.0 -20.550798371801342 0
659 -21.0 -20.55529038808333 3.3129941403507455
660 -21.0 -20.559737484202497 0
661 -21.0 -20.564140109360473 0
662 -21.0 -20.56849870826687 0
663 -21.0 -20.5728137211842 0
664 -20.0 -20.567085583972357 0
665 -21.0 -20.571414728132634 0
666 -21.0 -20.575700580851308 0
667 -19.0 -20.559943575042794 0
668 -21.0 -20.564344139292366 0
669 -21.0 -20.568700697899445 3.3647544659413255
670 -21.0 -20.57301369092045 0
671 -21.0 -20.57728355401125 0
672 -21.0 -20.581510718471137 0
673 -21.0 -20.585695611286425 0
674 -20.0 -20.57983865517356 0
675 -21.0 -20.584040268621827 0
676 -19.0 -20.56819986593561 0
677 -20.0 -20.562517867276256 0
678 -19.0 -20.546892688603496 0
679 -20.0 -20.54142376171746 3.386660484823876
680 -21.0 -20.54600952410029 0
681 -21.0 -20.550549428859284 0
682 -20.0 -20.54504393457069 0
683 -21.0 -20.549593495224983 0
684 -21.0 -20.554097560272734 0
685 -21.0 -20.558556584670008 0
686 -20.0 -20.552971018823307 0
687 -21.0 -20.557441308635074 0
688 -21.0 -20.561866895548725 0
689 -20.0 -20.556248226593237 3.396858001447169
690 -21.0 -20.560685744327305 0
691 -20.0 -20.55507888688403 0
692 -21.0 -20.55952809801519 0
693 -21.0 -20.563932817035038 0
694 -21.0 -20.56829348886469 0
695 -20.0 -20.562610553976043 0
696 -21.0 -20.566984448436283 0
697 -20.0 -20.56131460395192 0
698 -21.0 -20.565701457912404 0
699 -21.0 -20.57004444333328 3.4171938916673086
700 -20.0 -20.564343998899947 0
701 -20.0 -20.558700558910946 0
702 -20.0 -20.553113553321836 0
703 -20.0 -20.547582417788618 0
704 -21.0 -20.552106593610734 0
705 -19.0 -20.536585527674628 0
706 -21.0 -20.541219672397883 0
707 -19.0 -20.525807475673904 0
708 -21.0 -20.530549400917167 0
709 -20.0 -20.525243906907995 3.452485309986689
710 -20.0 -20.519991467838913 0
711 -20.0 -20.514791553160524 0
712 -20.0 -20.50964363762892 0
713 -20.0 -20.504547201252628 0
714 -21.0 -20.509501729240103 0
715 -21.0 -20.514406711947704 0
716 -20.0 -20.509262644828226 0
717 -21.0 -20.514170018379943 0
718 -21.0 -20.519028318196145 0
719 -21.0 -20.523838035014183 3.4497592488678634
720 -21.0 -20.528599654664042 0
721 -21.0 -20.533313658117404 0
722 -19.0 -20.51798052153623 0
723 -21.0 -20.52280071632087 0
724 -21.0 -20.52757270915766 0
725 -21.0 -20.532296982066082 0
726 -21.0 -20.536974012245423 0
727 -21.0 -20.54160427212297 0
728 -21.0 -20.546188229401743 0
729 -17.0 -20.510726347107727 3.449851676324758
730 -21.0 -20.51561908363665 0
731 -21.0 -20.520462892800285 0
732 -19.0 -20.505258263872285 0
733 -18.0 -20.480205681233564 0
734 -19.0 -20.465403624421228 0
735 -21.0 -20.470749588177018 0
736 -21.0 -20.47604209229525 0
737 -20.0 -20.471281671372296 0
738 -20.0 -20.466568854658572 0
739 -21.0 -20.471903166111986 3.4701459922087516
740 -21.0 -20.477184134450866 0
741 -20.0 -20.472412293106355 0
742 -20.0 -20.46768817017529 0
743 -21.0 -20.473011288473536 0
744 -21.0 -20.4782811755888 0
745 -20.0 -20.473498363832913 0
746 -21.0 -20.478763380194586 0
747 -17.0 -20.443975746392642 0
748 -21.0 -20.449535988928716 0
749 -21.0 -20.45504062903943 3.5317093435844185
750 -20.0 -20.450490222749035 0
751 -17.0 -20.415985320521546 0
752 -21.0 -20.42182546731633 0
753 -19.0 -20.407607212643168 0
754 -21.0 -20.413531140516735 0
755 -20.0 -20.409395829111567 0
756 -21.0 -20.415301870820453 0
757 -19.0 -20.40114885211225 0
758 -21.0 -20.40713736359113 0
759 -21.0 -20.413065989955218 3.5436618150460455
760 -21.0 -20.418935330055668 0
761 -21.0 -20.424745976755112 0
762 -21.0 -20.430498516987562 0
763 -21.0 -20.436193531817686 0
764 -21.0 -20.44183159649951 0
765 -20.0 -20.437413280534514 0
766 -21.0 -20.44303914772917 0
767 -20.0 -20.438608756251877 0
768 -20.0 -20.434222668689358 0
769 -19.0 -20.419880442002466 3.6088422652071506
770 -21.0 -20.425681637582443 0
771 -20.0 -20.421424821206617 0
772 -20.0 -20.41721057299455 0
773 -19.0 -20.403038467264604 0
774 -21.0 -20.40900808259196 0
775 -19.0 -20.39491800176604 0
776 -21.0 -20.400968821748382 0
777 -21.0 -20.406959133530897 0
778 -20.0 -20.402889542195588 0
779 -21.0 -20.408860646773633 3.6202853291442274
780 -21.0 -20.4147720403059 0
781 -21.0 -20.42062431990284 0
782 -21.0 -20.42641807670381 0
783 -21.0 -20.432153895936775 0
784 -18.0 -20.40783235697741 0
785 -21.0 -20.413754033407635 0
786 -21.0 -20.41961649307356 0
787 -21.0 -20.425420328142824 0
788 -21.0 -20.431166124861395 0
789 -18.0 -20.40685446361278 3.7044953549422517
790 -21.0 -20.412785918976653 0
791 -21.0 -20.418658059786885 0
792 -19.0 -20.404471479189016 0
793 -19.0 -20.390426764397127 0
794 -21.0 -20.396522496753157 0
795 -20.0 -20.392557271785623 0
796 -21.0 -20.398631699067767 0
797 -21.0 -20.40464538207709 0
798 -18.0 -20.38059892825632 0
799 -21.0 -20.386792938973755 3.7465961930706255
800 -19.0 -20.37292500958402 0
801 -21.0 -20.37919575948818 0
802 -21.0 -20.3854038018933 0
803 -21.0 -20.39154976387437 0
804 -21.0 -20.397634266235627 0
805 -21.0 -20.40365792357327 0
806 -21.0 -20.409621344337538 0
807 -21.0 -20.415525130894164 0
808 -21.0 -20.42136987958522 0
809 -20.0 -20.41715618078937 3.7634283243844746
810 -21.0 -20.422984618981477 0
811 -19.0 -20.408754772791664 0
812 -21.0 -20.41466722506375 0
813 -20.0 -20.41052055281311 0
814 -21.0 -20.416415347284982 0
815 -20.0 -20.412251193812132 0
816 -21.0 -20.418128681874013 0
817 -20.0 -20.41394739505527 0
818 -20.0 -20.40980792110472 0
819 -20.0 -20.40570984189367 3.794614727632901
820 -20.0 -20.401652743474735 0
821 -20.0 -20.397636216039988 0
822 -21.0 -20.40365985387959 0
823 -21.0 -20.409623255340794 0
824 -21.0 -20.415527022787387 0
825 -21.0 -20.421371752559512 0
826 -21.0 -20.42715803503392 0
827 -21.0 -20.43288645468358 0
828 -21.0 -20.438557590136746 0
829 -18.0 -20.41417201423538 3.821518107846661
830 -21.0 -20.420030294093028 0
831 -20.0 -20.415829991152098 0
832 -21.0 -20.421671691240576 0
833 -20.0 -20.41745497432817 0
834 -21.0 -20.42328042458489 0
835 -21.0 -20.42904762033904 0
836 -20.0 -20.42475714413565 0
837 -21.0 -20.430509572694294 0
838 -21.0 -20.43620447696735 0
839 -20.0 -20.431842432197676 3.8413297837189098
840 -21.0 -20.4375240078757 0
841 -21.0 -20.443148767796945 0
842 -21.0 -20.448717280118977 0
843 -21.0 -20.454230107317787 0
844 -20.0 -20.449687806244608 0
845 -21.0 -20.455190928182162 0
846 -21.0 -20.46063901890034 0
847 -21.0 -20.46603262871134 0
848 -18.0 -20.441372302424224 0
849 -21.0 -20.446958579399983 3.943999307934835
850 -17.0 -20.412488993605983 0
851 -21.0 -20.418364103669923 0
852 -20.0 -20.414180462633222 0
853 -20.0 -20.41003865800689 0
854 -20.0 -20.40593827142682 0
855 -21.0 -20.41187888871255 0
856 -21.0 -20.417760099825426 0
857 -21.0 -20.423582498827173 0
858 -21.0 -20.429346673838904 0
859 -17.0 -20.395053207100517 3.9614020447472442
860 -21.0 -20.401102675029513 0
861 -20.0 -20.39709164827922 0
862 -21.0 -20.403120731796427 0
863 -21.0 -20.409089524478464 0
864 -21.0 -20.41499862923368 0
865 -21.0 -20.420848642941344 0
866 -21.0 -20.42664015651193 0
867 -21.0 -20.43237375494681 0
868 -21.0 -20.43805001739734 0
869 -21.0 -20.44366951722337 3.980579620809646
870 -20.0 -20.439232822051135 0
871 -18.0 -20.414840493830624 0
872 -21.0 -20.42069208889232 0
873 -21.0 -20.4264851680034 0
874 -20.0 -20.422220316323365 0
875 -21.0 -20.427998113160132 0
876 -21.0 -20.43371813202853 0
877 -21.0 -20.439380950708248 0
878 -20.0 -20.434987141201166 0
879 -20.0 -20.430637269789152 3.9950920626591
880 -21.0 -20.43633089709126 0
881 -21.0 -20.44196758812035 0
882 -21.0 -20.447547912239145 0
883 -21.0 -20.453072433116755 0
884 -21.0 -20.45854170878559 0
885 -21.0 -20.463956291697734 0
886 -21.0 -20.469316728780758 0
887 -21.0 -20.47462356149295 0
888 -19.0 -20.459877325878022 0
889 -20.0 -20.45527855261924 4.021402667255975
890 -21.0 -20.46072576709305 0
891 -20.0 -20.45611850942212 0
892 -21.0 -20.4615573243279 0
893 -21.0 -20.46694175108462 0
894 -21.0 -20.472272333573773 0
895 -21.0 -20.477549610238036 0
896 -19.0 -20.462774114135655 0
897 -21.0 -20.468146372994298 0
898 -21.0 -20.473464909264354 0
899 -18.0 -20.44873026017171 4.051200151443211
900 -21.0 -20.454242957569996 0
901 -19.0 -20.439700527994297 0
902 -21.0 -20.445303522714354 0
903 -21.0 -20.450850487487212 0
904 -20.0 -20.44634198261234 0
905 -21.0 -20.451878562786217 0
906 -21.0 -20.457359777158356 0
907 -21.0 -20.46278617938677 0
908 -21.0 -20.468158317592906 0
909 -21.0 -20.473476734416977 4.074613108666775
910 -21.0 -20.478741967072807 0
911 -21.0 -20.483954547402078 0
912 -21.0 -20.48911500192806 0
913 -21.0 -20.494223851908778 0
914 -20.0 -20.48928161338969 0
915 -21.0 -20.494388797255795 0
916 -19.0 -20.479444909283238 0
917 -21.0 -20.484650460190405 0
918 -21.0 -20.489803955588503 0
919 -21.0 -20.494905916032618 4.060943667273441
920 -19.0 -20.479956856872292 0
921 -21.0 -20.48515728830357 0
922 -21.0 -20.490305715420533 0
923 -19.0 -20.47540265826633 0
924 -19.0 -20.460648631683668 0
925 -21.0 -20.46604214536683 0
926 -21.0 -20.471381723913165 0
927 -21.0 -20.476667906674034 0
928 -21.0 -20.481901227607295 0
929 -21.0 -20.487082215331224 4.085486669865422
930 -20.0 -20.48221139317791 0
931 -20.0 -20.47738927924613 0
932 -20.0 -20.47261538645367 0
933 -20.0 -20.46788923258913 0
934 -21.0 -20.47321034026324 0
935 -21.0 -20.478478236860607 0
936 -19.0 -20.463693454492002 0
937 -19.0 -20.449056519947085 0
938 -21.0 -20.454565954747615 0
939 -21.0 -20.460020295200138 4.24700267697174
940 -20.0 -20.455420092248136 0
941 -21.0 -20.460865891325657 0
942 -21.0 -20.4662572324124 0
943 -21.0 -20.471594660088275 0
944 -21.0 -20.476878713487395 0
945 -20.0 -20.47210992635252 0
946 -21.0 -20.477388827088994 0
947 -21.0 -20.482614938818106 0
948 -21.0 -20.487788789429924 0
949 -21.0 -20.492910901535627 4.273517765818502
950 -21.0 -20.49798179252027 0
951 -21.0 -20.50300197459507 0
952 -21.0 -20.50797195484912 0
953 -21.0 -20.51289223530063 0
954 -20.0 -20.507763312947624 0
955 -19.0 -20.49268567981815 0
956 -21.0 -20.497758823019968 0
957 -21.0 -20.50278123478977 0
958 -20.0 -20.49775342244187 0
959 -21.0 -20.502775888217453 4.272908635715514
960 -21.0 -20.50774812933528 0
961 -21.0 -20.512670648041926 0
962 -21.0 -20.517543941561506 0
963 -17.0 -20.482368502145892 0
964 -21.0 -20.487544817124434 0
965 -21.0 -20.49266936895319 0
966 -20.0 -20.487742675263657 0
967 -21.0 -20.49286524851102 0
968 -20.0 -20.487936596025907 0
969 -20.0 -20.483057230065647 4.396962878703071
970 -21.0 -20.48822665776499 0
971 -21.0 -20.493344391187343 0
972 -21.0 -20.49841094727547 0
973 -20.0 -20.493426837802716 0
974 -20.0 -20.488492569424686 0
975 -21.0 -20.49360764373044 0
976 -21.0 -20.498671567293133 0
977 -20.0 -20.493684851620202 0
978 -21.0 -20.498748003104 0
979 -19.0 -20.483760523072963 4.395072848143858
980 -20.0 -20.478922917842233 0
981 -21.0 -20.48413368866381 0
982 -20.0 -20.479292351777172 0
983 -21.0 -20.4844994282594 0
984 -20.0 -20.479654433976805 0
985 -21.0 -20.484857889637038 0
986 -18.0 -20.460009310740666 0
987 -20.0 -20.45540921763326 0
988 -20.0 -20.450855125456926 0
989 -20.0 -20.446346574202355 4.39148290990081
990 -21.0 -20.451883108460333 0
991 -20.0 -20.44736427737573 0
992 -21.0 -20.452890634601975 0
993 -21.0 -20.458361728255955 0
994 -21.0 -20.463778110973397 0
995 -21.0 -20.469140329863663 0
996 -20.0 -20.464448926565026 0
997 -21.0 -20.469804437299377 0
998 -20.0 -20.465106392926383 0
999 -20.0 -20.460455328997117 4.394234412775545
1000 -19.0 -20.445850775707147 0
1001 -20.0 -20.441392267950075 0
1002 -21.0 -20.446978345270576 0
1003 -20.0 -20.44250856181787 0
1004 -19.0 -20.428083476199692 0
1005 -20.0 -20.423802641437693 0
1006 -20.0 -20.419564615023315 0
1007 -18.0 -20.395368968873083 0
1008 -20.0 -20.39141527918435 0
1009 -21.0 -20.39750112639251 4.457390896373494
1010 -21.0 -20.403526115128585 0
1011 -21.0 -20.4094908539773 0
1012 -20.0 -20.405395945437526 0
1013 -21.0 -20.411341985983153 0
1014 -20.0 -20.407228566123322 0
1015 -21.0 -20.41315628046209 0
1016 -20.0 -20.409024717657466 0
1017 -19.0 -20.394934470480894 0
1018 -20.0 -20.390985125776083 0
1019 -21.0 -20.397075274518322 4.464812791461467
1020 -20.0 -20.39310452177314 0
1021 -21.0 -20.399173476555408 0
1022 -21.0 -20.405181741789853 0
1023 -20.0 -20.401129924371954 0
1024 -21.0 -20.407118625128234 0
1025 -21.0 -20.41304743887695 0
1026 -21.0 -20.418916964488183 0
1027 -21.0 -20.424727794843303 0
1028 -21.0 -20.43048051689487 0
1029 -21.0 -20.436175711725923 4.48377459931443
1030 -20.0 -20.431813954608664 0
1031 -21.0 -20.43749581506258 0
1032 -21.0 -20.443120856911953 0
1033 -21.0 -20.448689648342835 0
1034 -21.0 -20.45420275185941 0
1035 -21.0 -20.459660724340814 0
1036 -21.0 -20.465064117097405 0
1037 -21.0 -20.47041347592643 0
1038 -19.0 -20.455709341167168 0
1039 -21.0 -20.461152247755496 4.5087153344164435
1040 -20.0 -20.45654072527794 0
1041 -19.0 -20.44197531802516 0
1042 -21.0 -20.44755556484491 0
1043 -20.0 -20.44308000919646 0
1044 -20.0 -20.438649209104494 0
1045 -21.0 -20.444262717013448 0
1046 -21.0 -20.449820089843314 0
1047 -18.0 -20.42532188894488 0
1048 -21.0 -20.43106867005543 0
1049 -21.0 -20.436757983354877 4.5594892704860275
1050 -20.0 -20.432390403521328 0
1051 -21.0 -20.438066499486116 0
1052 -21.0 -20.443685834491255 0
1053 -21.0 -20.449248976146343 0
1054 -20.0 -20.44475648638488 0
1055 -20.0 -20.44030892152103 0
1056 -21.0 -20.44590583230582 0
1057 -21.0 -20.45144677398276 0
1058 -21.0 -20.456932306242933 0
1059 -21.0 -20.462362983180505 4.5648432637779734
1060 -21.0 -20.4677393533487 0
1061 -21.0 -20.473061959815215 0
1062 -20.0 -20.468331340217063 0
1063 -21.0 -20.473648026814892 0
1064 -21.0 -20.478911546546744 0
1065 -21.0 -20.48412243108128 0
1066 -19.0 -20.469281206770468 0
1067 -20.0 -20.464588394702762 0
1068 -21.0 -20.469942510755736 0
1069 -21.0 -20.47524308564818 4.55111703937465
1070 -21.0 -20.4804906547917 0
1071 -21.0 -20.485685748243785 0
1072 -21.0 -20.49082889076135 0
1073 -20.0 -20.485920601853735 0
1074 -21.0 -20.4910613958352 0
1075 -21.0 -20.49615078187685 0
1076 -20.0 -20.49118927405808 0
1077 -20.0 -20.4862773813175 0
1078 -21.0 -20.491414607504325 0
1079 -21.0 -20.49650046142928 4.728877099231698
1080 -21.0 -20.501535456814988 0
1081 -20.0 -20.496520102246837 0
1082 -20.0 -20.49155490122437 0
1083 -20.0 -20.486639352212123 0
1084 -21.0 -20.491772958690003 0
1085 -21.0 -20.496855229103105 0
1086 -21.0 -20.501886676812074 0
1087 -17.0 -20.466867810043954 0
1088 -20.0 -20.462199131943514 0
1089 -18.0 -20.43757714062408 4.730981660535621
1090 -21.0 -20.44320136921784 0
1091 -19.0 -20.428769355525663 0
1092 -21.0 -20.434481661970405 0
1093 -21.0 -20.4401368453507 0
1094 -21.0 -20.445735476897195 0
1095 -21.0 -20.451278122128222 0
1096 -21.0 -20.45676534090694 0
1097 -21.0 -20.462197687497873 0
1098 -21.0 -20.467575710622896 0
1099 -20.0 -20.462899953516665 4.807880563472408
1100 -21.0 -20.4682709539815 0
1101 -19.0 -20.453588244441686 0
1102 -21.0 -20.45905236199727 0
1103 -21.0 -20.464461838377296 0
1104 -21.0 -20.469817219993523 0
1105 -20.0 -20.465119047793586 0
1106 -20.0 -20.46046785731565 0
1107 -20.0 -20.45586317874249 0
1108 -21.0 -20.461304546955066 0
1109 -19.0 -20.446691501485518 4.8065497396633
1110 -21.0 -20.452224586470663 0
1111 -20.0 -20.447702340605957 0
1112 -20.0 -20.443225317199897 0
1113 -21.0 -20.4487930640279 0
1114 -20.0 -20.44430513338762 0
1115 -21.0 -20.449862082053745 0
1116 -21.0 -20.45536346123321 0
1117 -21.0 -20.460809826620878 0
1118 -21.0 -20.46620172835467 0
1119 -21.0 -20.471539711071124 4.82042095042048
1120 -21.0 -20.476824313960414 0
1121 -21.0 -20.48205607082081 0
1122 -20.0 -20.477235510112603 0
1123 -21.0 -20.482463155011477 0
1124 -21.0 -20.487638523461364 0
1125 -20.0 -20.48276213822675 0
1126 -21.0 -20.487934516844483 0
1127 -21.0 -20.493055171676037 0
1128 -20.0 -20.488124619959276 0
1129 -19.0 -20.473243373759683 4.8444217450847376
1130 -19.0 -20.458510940022087 0
1131 -20.0 -20.453925830621866 0
1132 -21.0 -20.459386572315648 0
1133 -21.0 -20.46479270659249 0
1134 -21.0 -20.470144779526567 0
1135 -20.0 -20.4654433317313 0
1136 -19.0 -20.45078889841399 0
1137 -21.0 -20.45628100942985 0
1138 -21.0 -20.461718199335554 0
1139 -21.0 -20.4671010173422 4.965066256589465
1140 -19.0 -20.45243000716878 0
1141 -19.0 -20.43790570709709 0
1142 -21.0 -20.443526650026122 0
1143 -21.0 -20.44909138352586 0
1144 -21.0 -20.454600469690604 0
1145 -21.0 -20.4600544649937 0
1146 -21.0 -20.465453920343762 0
1147 -21.0 -20.470799381140324 0
1148 -20.0 -20.46609138732892 0
1149 -21.0 -20.47143047345563 5.028903206168508
1150 -21.0 -20.476716168721076 0
1151 -21.0 -20.481949007033865 0
1152 -21.0 -20.487129516963527 0
1153 -21.0 -20.492258221793893 0
1154 -19.0 -20.477335639575955 0
1155 -21.0 -20.482562283180197 0
1156 -21.0 -20.487736660348396 0
1157 -21.0 -20.492859293744914 0
1158 -20.0 -20.487930700807464 0
1159 -19.0 -20.47305139379939 5.161289300440485
1160 -15.0 -20.418320879861394 0
1161 -19.0 -20.40413767106278 0
1162 -21.0 -20.410096294352154 0
1163 -20.0 -20.405995331408633 0
1164 -21.0 -20.411935378094547 0
1165 -18.0 -20.3878160243136 0
1166 -18.0 -20.363937864070465 0
1167 -21.0 -20.37029848542976 0
1168 -21.0 -20.376595500575462 0
1169 -20.0 -20.372829545569708 5.246345911742287
1170 -21.0 -20.37910125011401 0
1171 -21.0 -20.385310237612874 0
1172 -21.0 -20.391457135236745 0
1173 -21.0 -20.39754256388438 0
1174 -21.0 -20.403567138245535 0
1175 -20.0 -20.399531466863078 0
1176 -21.0 -20.405536152194447 0
1177 -21.0 -20.411480790672503 0
1178 -21.0 -20.417365982765777 0
1179 -21.0 -20.42319232293812 5.23365668020973
1180 -21.0 -20.42896039970874 0
1181 -21.0 -20.434670795711654 0
1182 -21.0 -20.440324087754536 0
1183 -21.0 -20.44592084687699 0
1184 -20.0 -20.44146163840822 0
1185 -21.0 -20.44704702202414 0
1186 -20.0 -20.4425765518039 0
1187 -20.0 -20.43815078628586 0
1188 -21.0 -20.443769278423 0
1189 -19.0 -20.429331585638774 5.2394702465060625
1190 -21.0 -20.43503826978239 0
1191 -21.0 -20.440687887084565 0
1192 -21.0 -20.44628100821372 0
1193 -20.0 -20.441818198131582 0
1194 -21.0 -20.447400016150265 0
1195 -21.0 -20.452926015988762 0
1196 -19.0 -20.438396755828876 0
1197 -15.0 -20.384012788270585 0
1198 -21.0 -20.39017266038788 0
1199 -20.0 -20.386270933784 5.2452484222280455
1200 -21.0 -20.39240822444616 0
1201 -21.0 -20.3984841422017 0
1202 -17.0 -20.364499300779684 0
1203 -21.0 -20.37085430777189 0
1204 -19.0 -20.35714576469417 0
1205 -20.0 -20.35357430704723 0
1206 -20.0 -20.350038563976756 0
1207 -20.0 -20.34653817833699 0
1208 -21.0 -20.35307279655362 0
1209 -20.0 -20.349542068588082 5.272406441693349
1210 -21.0 -20.3560466479022 0
1211 -19.0 -20.34248618142318 0
1212 -20.0 -20.33906131960895 0
1213 -21.0 -20.34567070641286 0
1214 -21.0 -20.352213999348734 0
1215 -21.0 -20.358691859355247 0
1216 -21.0 -20.365104940761697 0
1217 -21.0 -20.37145389135408 0
1218 -21.0 -20.37773935244054 0
1219 -20.0 -20.373961958916134 5.259169250911587
1220 -20.0 -20.370222339326972 0
1221 -21.0 -20.376520115933705 0
1222 -21.0 -20.382754914774367 0
1223 -19.0 -20.368927365626625 0
1224 -21.0 -20.37523809197036 0
1225 -21.0 -20.381485711050658 0
1226 -20.0 -20.37767085394015 0
1227 -21.0 -20.38389414540075 0
1228 -20.0 -20.38005520394674 0
1229 -21.0 -20.386254651907272 5.310956427723131
1230 -21.0 -20.3923921053882 0
1231 -21.0 -20.39846818433432 0
1232 -21.0 -20.404483502490976 0
1233 -21.0 -20.410438667466067 0
1234 -21.0 -20.416334280791407 0
1235 -21.0 -20.422170937983495 0
1236 -19.0 -20.407949228603663 0
1237 -21.0 -20.413869736317626 0
1238 -20.0 -20.409731038954448 0
1239 -20.0 -20.4056337285649 5.359194735117457
1240 -20.0 -20.40157739127925 0
1241 -21.0 -20.407561617366458 0
1242 -21.0 -20.413486001192794 0
1243 -21.0 -20.41935114118087 0
1244 -21.0 -20.42515762976906 0
1245 -20.0 -20.42090605347137 0
1246 -21.0 -20.426696992936655 0
1247 -21.0 -20.43243002300729 0
1248 -19.0 -20.418105722777216 0
1249 -20.0 -20.413924665549445 5.399833005733617
1250 -21.0 -20.41978541889395 0
1251 -19.0 -20.405587564705012 0
1252 -21.0 -20.411531689057963 0
1253 -21.0 -20.417416372167384 0
1254 -20.0 -20.41324220844571 0
1255 -21.0 -20.419109786361254 0
1256 -19.0 -20.40491868849764 0
1257 -21.0 -20.410869501612666 0
1258 -20.0 -20.406760806596537 0
1259 -20.0 -20.40269319853057 5.43094693244113
1260 -20.0 -20.398666266545263 0
1261 -21.0 -20.40467960387981 0
1262 -20.0 -20.40063280784101 0
1263 -21.0 -20.4066264797626 0
1264 -21.0 -20.412560214964977 0
1265 -20.0 -20.408434612815327 0
1266 -21.0 -20.414350266687176 0
1267 -21.0 -20.420206764020303 0
1268 -20.0 -20.4160046963801 0
1269 -21.0 -20.4218446494163 5.460605856619541
1270 -20.0 -20.417626202922136 0
1271 -20.0 -20.413449940892914 0
1272 -21.0 -20.419315441483985 0
1273 -21.0 -20.425122287069147 0
1274 -21.0 -20.430871064198456 0
1275 -21.0 -20.43656235355647 0
1276 -21.0 -20.442196730020907 0
1277 -20.0 -20.437774762720696 0
1278 -21.0 -20.443397015093492 0
1279 -21.0 -20.44896304494256 5.451836153941761
1280 -20.0 -20.44447341449313 0
1281 -20.0 -20.4400286803482 0
1282 -20.0 -20.435628393544714 0
1283 -21.0 -20.44127210960927 0
1284 -21.0 -20.446859388513175 0
1285 -21.0 -20.452390794628045 0
1286 -21.0 -20.457866886681764 0
1287 -21.0 -20.463288217814945 0
1288 -21.0 -20.468655335636797 0
1289 -18.0 -20.44396878228043 5.4747018015749696
1290 -21.0 -20.449529094457624 0
1291 -21.0 -20.45503380351305 0
1292 -20.0 -20.45048346547792 0
1293 -21.0 -20.45597863082314 0
1294 -21.0 -20.46141884451491 0
1295 -18.0 -20.43680465606976 0
1296 -21.0 -20.442436609509063 0
1297 -20.0 -20.438012243413972 0
1298 -20.0 -20.43363212097983 0
1299 -19.0 -20.419295799770033 5.480421602690759
1300 -19.0 -20.405102841772333 0
1301 -21.0 -20.41105181335461 0
1302 -21.0 -20.416941295221065 0
1303 -21.0 -20.422771882268854 0
1304 -21.0 -20.428544163446166 0
1305 -20.0 -20.424258721811704 0
1306 -21.0 -20.430016134593586 0
1307 -21.0 -20.43571597324765 0
1308 -21.0 -20.441358813515173 0
1309 -21.0 -20.44694522538002 5.472337112689519
1310 -21.0 -20.45247577312622 0
1311 -20.0 -20.447951015394956 0
1312 -21.0 -20.45347150524101 0
1313 -20.0 -20.448936790188597 0
1314 -21.0 -20.454447422286712 0
1315 -20.0 -20.449902948063844 0
1316 -20.0 -20.445403918583203 0
1317 -20.0 -20.44094987939737 0
1318 -21.0 -20.446540380603395 0
1319 -20.0 -20.44207497679736 5.551679021414203
1320 -19.0 -20.42765422702939 0
1321 -21.0 -20.433377684759098 0
1322 -21.0 -20.439043907911508 0
1323 -20.0 -20.43465346883239 0
1324 -20.0 -20.430306934144067 0
1325 -19.0 -20.416003864802626 0
1326 -21.0 -20.4218438261546 0
1327 -21.0 -20.427625387893055 0
1328 -19.0 -20.413349134014126 0
1329 -21.0 -20.419215642673986 5.678767125543095
1330 -20.0 -20.415023486247247 0
1331 -21.0 -20.420873251384776 0
1332 -21.0 -20.42666451887093 0
1333 -21.0 -20.43239787368222 0
1334 -21.0 -20.438073894945397 0
1335 -21.0 -20.443693155995945 0
1336 -20.0 -20.439256224435983 0
1337 -20.0 -20.43486366219162 0
1338 -20.0 -20.430515025569704 0
1339 -21.0 -20.43620987531401 5.739653996359811
1340 -21.0 -20.44184777656087 0
1341 -20.0 -20.43742929879526 0
1342 -21.0 -20.443055005807306 0
1343 -21.0 -20.448624455749233 0
1344 -21.0 -20.45413821119174 0
1345 -21.0 -20.459596829079825 0
1346 -20.0 -20.455000860789024 0
1347 -21.0 -20.460450852181136 0
1348 -21.0 -20.465846343659326 0
1349 -21.0 -20.471187880222733 5.740513889201955
1350 -21.0 -20.476476001420505 0
1351 -17.0 -20.441711241406303 0
1352 -21.0 -20.44729412899224 0
1353 -21.0 -20.45282118770232 0
1354 -18.0 -20.428292975825297 0
1355 -21.0 -20.434010046067044 0
1356 -21.0 -20.439669945606376 0
1357 -21.0 -20.44527324615031 0
1358 -20.0 -20.440820513688806 0
1359 -20.0 -20.436412308551915 5.752389204009507
1360 -21.0 -20.442048185466398 0
1361 -20.0 -20.43762770361173 0
1362 -21.0 -20.443251426575614 0
1363 -21.0 -20.448818912309857 0
1364 -21.0 -20.45433072318676 0
1365 -19.0 -20.439787415954893 0
1366 -21.0 -20.445389541795343 0
1367 -21.0 -20.450935646377392 0
1368 -21.0 -20.45642628991362 0
1369 -21.0 -20.461862027014483 5.8609790127727575
1370 -21.0 -20.467243406744338 0
1371 -21.0 -20.472570972676895 0
1372 -21.0 -20.477845262950126 0
1373 -21.0 -20.483066810320626 0
1374 -20.0 -20.47823614221742 0
1375 -21.0 -20.483453780795244 0
1376 -20.0 -20.478619242987293 0
1377 -20.0 -20.47383305055742 0
1378 -21.0 -20.479094720051847 0
1379 -21.0 -20.48430377285133 5.870477909003768
1380 -21.0 -20.48946073512282 0
1381 -19.0 -20.474566127771592 0
1382 -21.0 -20.479820466493877 0
1383 -21.0 -20.485022261828938 0
1384 -21.0 -20.49017203921065 0
1385 -21.0 -20.49527031881854 0
1386 -19.0 -20.480317615630355 0
1387 -21.0 -20.485514439474052 0
1388 -21.0 -20.49065929507931 0
1389 -21.0 -20.49575270212852 5.871108257609765
1390 -20.0 -20.490795175107234 0
1391 -20.0 -20.485887223356162 0
1392 -21.0 -20.4910283511226 0
1393 -19.0 -20.476118067611377 0
1394 -20.0 -20.47135688693526 0
1395 -21.0 -20.47664331806591 0
1396 -21.0 -20.481876884885253 0
1397 -20.0 -20.4770581160364 0
1398 -20.0 -20.472287534876035 0
1399 -21.0 -20.477564659527275 5.937603984995632
1400 -19.0 -20.462789012932003 0
1401 -21.0 -20.468161122802684 0
1402 -20.0 -20.463479511574658 0
1403 -21.0 -20.46884471645891 0
1404 -21.0 -20.474156269294323 0
1405 -21.0 -20.47941470660138 0
1406 -19.0 -20.464620559535366 0
1407 -21.0 -20.469974353940014 0
1408 -21.0 -20.475274610400614 0
1409 -20.0 -20.470521864296607 5.964502930289667
1410 -21.0 -20.47581664565364 0
1411 -21.0 -20.481058479197106 0
1412 -20.0 -20.476247894405134 0
1413 -20.0 -20.471485415461082 0
1414 -21.0 -20.476770561306473 0
1415 -21.0 -20.48200285569341 0
1416 -21.0 -20.487182827136476 0
1417 -21.0 -20.49231099886511 0
1418 -21.0 -20.49738788887646 0
1419 -21.0 -20.502414009987696 5.984790742202811
1420 -20.0 -20.49738986988782 0
1421 -20.0 -20.49241597118894 0
1422 -20.0 -20.48749181147705 0
1423 -21.0 -20.49261689336228 0
1424 -21.0 -20.497690724428658 0
1425 -21.0 -20.50271381718437 0
1426 -21.0 -20.50768667901253 0
1427 -20.0 -20.502609812222403 0
1428 -21.0 -20.50758371410018 0
1429 -20.0 -20.502507876959175 6.007271671459036
1430 -21.0 -20.507482798189585 0
1431 -20.0 -20.50240797020769 0
1432 -21.0 -20.50738389050561 0
1433 -21.0 -20.512310051600554 0
1434 -21.0 -20.51718695108455 0
1435 -21.0 -20.522015081573706 0
1436 -21.0 -20.52679493075797 0
1437 -21.0 -20.53152698145039 0
1438 -21.0 -20.536211711635886 0
1439 -20.0 -20.530849594519527 6.016536201365616
1440 -20.0 -20.52554109857433 0
1441 -21.0 -20.530285687588588 0
1442 -21.0 -20.534982830712703 0
1443 -21.0 -20.539633002405576 0
1444 -21.0 -20.544236672381523 0
1445 -20.0 -20.538794305657706 0
1446 -21.0 -20.54340636260113 0
1447 -21.0 -20.547972298975118 0
1448 -19.0 -20.53249257598537 0
1449 -21.0 -20.537167650225516 6.071446455908691
1450 -20.0 -20.53179597372326 0
1451 -21.0 -20.536478013986027 0
1452 -21.0 -20.54111323384617 0
1453 -21.0 -20.545702101507707 0
1454 -21.0 -20.55024508049263 0
1455 -19.0 -20.534742629687706 0
1456 -21.0 -20.53939520339083 0
1457 -21.0 -20.54400125135692 0
1458 -21.0 -20.54856123884335 0
1459 -21.0 -20.55307562645492 6.108540150311668
1460 -21.0 -20.55754487019037 0
1461 -21.0 -20.561969421488467 0
1462 -20.0 -20.55634972727358 0
1463 -20.0 -20.550786230000845 0
1464 -21.0 -20.555278367700836 0
1465 -21.0 -20.55972558402383 0
1466 -21.0 -20.564128328183592 0
1467 -21.0 -20.568487044901758 0
1468 -21.0 -20.57280217445274 0
1469 -21.0 -20.577074152708214 6.095554405287417
1470 -21.0 -20.581303411181132 0
1471 -20.0 -20.57549037706932 0
1472 -21.0 -20.579735473298626 0
1473 -21.0 -20.58393811856564 0
1474 -19.0 -20.568098737379984 0
1475 -20.0 -20.562417750006183 0
1476 -21.0 -20.56679357250612 0
1477 -20.0 -20.56112563678106 0
1478 -21.0 -20.56551438041325 0
1479 -21.0 -20.56985923660912 6.1344574224370305
1480 -21.0 -20.57416064424303 0
1481 -19.0 -20.5584190378006 0
1482 -19.0 -20.542834847422597 0
1483 -21.0 -20.547406498948373 0
1484 -21.0 -20.55193243395889 0
1485 -20.0 -20.546413109619298 0
1486 -21.0 -20.550948978523106 0
1487 -21.0 -20.555439488737875 0
1488 -21.0 -20.559885093850497 0
1489 -21.0 -20.564286242911994 6.12193376053758
1490 -20.0 -20.558643380482874 0
1491 -20.0 -20.553056946678044 0
1492 -21.0 -20.557526377211264 0
1493 -20.0 -20.551951113439152 0
1494 -20.0 -20.54643160230476 0
1495 -20.0 -20.540967286281713 0
1496 -21.0 -20.545557613418897 0
1497 -21.0 -20.55010203728471 0
1498 -21.0 -20.554601016911864 0
1499 -20.0 -20.549055006742744 6.215386061166564
1500 -21.0 -20.553564456675318 0
1501 -21.0 -20.558028812108564 0
1502 -21.0 -20.562448523987477 0
1503 -19.0 -20.546824038747605 0
1504 -19.0 -20.53135579836013 0
1505 -21.0 -20.53604224037653 0
1506 -21.0 -20.540681817972768 0
1507 -21.0 -20.54527499979304 0
1508 -21.0 -20.54982224979511 0
1509 -21.0 -20.55432402729716 6.279486164566195
1510 -19.0 -20.538780787024187 0
1511 -21.0 -20.543392979153946 0
1512 -21.0 -20.547959049362408 0
1513 -21.0 -20.552479458868785 0
1514 -21.0 -20.5569546642801 0
1515 -21.0 -20.561385117637297 0
1516 -21.0 -20.565771266460924 0
1517 -21.0 -20.570113553796315 0
1518 -19.0 -20.55441241825835 0
1519 -21.0 -20.55886829407577 6.253846225594662
1520 -21.0 -20.563279611135012 0
1521 -20.0 -20.557646815023663 0
1522 -20.0 -20.552070346873425 0
1523 -20.0 -20.54654964340469 0
1524 -21.0 -20.55108414697064 0
1525 -21.0 -20.555573305500936 0
1526 -21.0 -20.560017572445926 0
1527 -19.0 -20.544417396721467 0
1528 -20.0 -20.53897322275425 0
1529 -21.0 -20.54358349052671 6.2641386449629985
1530 -21.0 -20.548147655621445 0
1531 -21.0 -20.55266617906523 0
1532 -21.0 -20.557139517274578 0
1533 -21.0 -20.561568122101832 0
1534 -21.0 -20.565952440880814 0
1535 -21.0 -20.570292916472006 0
1536 -20.0 -20.564589987307286 0
1537 -21.0 -20.568944087434215 0
1538 -21.0 -20.573254646559874 0
1539 -21.0 -20.577522100094278 6.236133281779986
1540 -20.0 -20.571746879093332 0
1541 -21.0 -20.5760294103024 0
1542 -21.0 -20.58026911619938 0
1543 -21.0 -20.584466425037384 0
1544 -21.0 -20.58862176078701 0
1545 -21.0 -20.592735543179142 0
1546 -21.0 -20.59680818774735 0
1547 -21.0 -20.600840105869878 0
1548 -21.0 -20.60483170481118 0
1549 -21.0 -20.60878338776307 6.242345760067013
1550 -21.0 -20.612695553885438 0
1551 -21.0 -20.616568598346582 0
1552 -20.0 -20.610402912363114 0
1553 -20.0 -20.604298883239483 0
1554 -21.0 -20.60825589440709 0
1555 -20.0 -20.602173335463018 0
1556 -20.0 -20.596151602108385 0
1557 -20.0 -20.5901900860873 0
1558 -21.0 -20.59428818522643 0
1559 -20.0 -20.58834530337416 6.2331891126382155
1560 -20.0 -20.58246185034042 0
1561 -21.0 -20.586637231837017 0
1562 -20.0 -20.580770859518644 0
1563 -20.0 -20.574963150923455 0
1564 -21.0 -20.57921351941422 0
1565 -21.0 -20.58342138422008 0
1566 -21.0 -20.58758717037788 0
1567 -21.0 -20.591711298674102 0
1568 -21.0 -20.59579418568736 0
1569 -21.0 -20.599836243830488 6.219317242595075
1570 -21.0 -20.603837881392185 0
1571 -20.0 -20.597799502578262 0
1572 -19.0 -20.58182150755248 0
1573 -21.0 -20.586003292476956 0
1574 -20.0 -20.580143259552187 0
1575 -21.0 -20.584341826956667 0
1576 -21.0 -20.5884984086871 0
1577 -20.0 -20.58261342460023 0
1578 -21.0 -20.586787290354227 0
1579 -21.0 -20.590919417450685 6.207114932875497
1580 -21.0 -20.59501022327618 0
1581 -21.0 -20.59906012104342 0
1582 -19.0 -20.583069519832986 0
1583 -20.0 -20.577238824634655 0
1584 -21.0 -20.581466436388308 0
1585 -20.0 -20.575651772024422 0
1586 -21.0 -20.57989525430418 0
1587 -21.0 -20.58409630176114 0
1588 -21.0 -20.58825533874353 0
1589 -20.0 -20.582372785356092 6.2049067732350345
1590 -19.0 -20.56654905750253 0
1591 -20.0 -20.560883566927505 0
1592 -20.0 -20.55527473125823 0
1593 -21.0 -20.559721983945646 0
1594 -19.0 -20.54412476410619 0
1595 -21.0 -20.54868351646513 0
1596 -20.0 -20.543196681300476 0
1597 -21.0 -20.54776471448747 0
1598 -21.0 -20.552287067342597 0
1599 -21.0 -20.55676419666917 6.2488986740499675
1600 -21.0 -20.56119655470248 0
1601 -21.0 -20.565584589155456 0
1602 -19.0 -20.5499287432639 0
1603 -20.0 -20.54442945583126 0
1604 -21.0 -20.54898516127295 0
1605 -20.0 -20.54349530966022 0
1606 -21.0 -20.548060356563617 0
1607 -20.0 -20.54257975299798 0
1608 -21.0 -20.547153955468 0
1609 -20.0 -20.54168241591332 6.498456781763446
1610 -19.0 -20.52626559175419 0
1611 -19.0 -20.511002935836647 0
1612 -20.0 -20.50589290647828 0
1613 -20.0 -20.500833977413496 0
1614 -20.0 -20.49582563763936 0
1615 -21.0 -20.500867381262967 0
1616 -21.0 -20.50585870745034 0
1617 -21.0 -20.510800120375837 0
1618 -19.0 -20.49569211917208 0
1619 -21.0 -20.50073519798036 6.509616641211937
1620 -20.0 -20.495727846000555 0
1621 -19.0 -20.48077056754055 0
1622 -21.0 -20.485962861865143 0
1623 -19.0 -20.47110323324649 0
1624 -21.0 -20.476392200914027 0
1625 -21.0 -20.48162827890489 0
1626 -21.0 -20.48681199611584 0
1627 -21.0 -20.491943876154682 0
1628 -21.0 -20.497024437393137 0
1629 -21.0 -20.502054193019205 6.47802476931575
1630 -21.0 -20.507033651089014 0
1631 -21.0 -20.511963314578125 0
1632 -21.0 -20.516843681432345 0
1633 -21.0 -20.521675244618024 0
1634 -21.0 -20.526458492171844 0
1635 -21.0 -20.531193907250127 0
1636 -20.0 -20.525881968177625 0
1637 -20.0 -20.520623148495847 0
1638 -21.0 -20.52541691701089 0
1639 -21.0 -20.53016274784078 6.5084172055648
1640 -20.0 -20.52486112036237 0
1641 -19.0 -20.509612509158746 0
1642 -20.0 -20.50451638406716 0
1643 -21.0 -20.509471220226487 0
1644 -21.0 -20.514376508024224 0
1645 -21.0 -20.51923274294398 0
1646 -21.0 -20.52404041551454 0
1647 -21.0 -20.528800011359397 0
1648 -21.0 -20.533512011245804 0
1649 -21.0 -20.538176891133347 6.489618048439464
1650 -21.0 -20.542795122222014 0
1651 -21.0 -20.547367170999795 0
1652 -21.0 -20.551893499289797 0
1653 -21.0 -20.5563745642969 0
1654 -21.0 -20.56081081865393 0
1655 -19.0 -20.545202710467393 0
1656 -18.0 -20.51975068336272 0
1657 -18.0 -20.49455317652909 0
1658 -21.0 -20.499607644763802 0
1659 -20.0 -20.494611568316163 6.551562531485432
1660 -21.0 -20.499665452633003 0
1661 -21.0 -20.504668798106675 0
1662 -21.0 -20.50962211012561 0
1663 -19.0 -20.494525889024352 0
1664 -21.0 -20.49958063013411 0
1665 -21.0 -20.50458482383277 0
1666 -21.0 -20.50953897559444 0
1667 -21.0 -20.5144435858385 0
1668 -21.0 -20.519299149980114 0
1669 -21.0 -20.524106158480315 6.556634606054509
1670 -20.0 -20.51886509689551 0
1671 -19.0 -20.503676445926555 0
1672 -21.0 -20.50863968146729 0
1673 -21.0 -20.51355328465262 0
1674 -21.0 -20.518417751806094 0
1675 -19.0 -20.503233574288036 0
1676 -21.0 -20.508201238545155 0
1677 -21.0 -20.513119226159706 0
1678 -21.0 -20.51798803389811 0
1679 -21.0 -20.52280815355913 6.544521539605842
1680 -20.0 -20.517580072023538 0
1681 -21.0 -20.5224042713033 0
1682 -18.0 -20.497180228590267 0
1683 -21.0 -20.502208426304364 0
1684 -18.0 -20.47718634204132 0
1685 -21.0 -20.48241447862091 0
1686 -20.0 -20.4775903338347 0
1687 -21.0 -20.482814430496354 0
1688 -20.0 -20.47798628619139 0
1689 -20.0 -20.473206423329472 6.8210662076101265
1690 -20.0 -20.468474359096177 0
1691 -20.0 -20.463789615505213 0
1692 -20.0 -20.45915171935016 0
1693 -20.0 -20.454560202156657 0
1694 -20.0 -20.450014600135088 0
1695 -21.0 -20.455514454133738 0
1696 -21.0 -20.4609593095924 0
1697 -19.0 -20.446349716496478 0
1698 -19.0 -20.431886219331513 0
1699 -21.0 -20.4375673571382 6.806371021087382
1700 -21.0 -20.44319168356682 0
1701 -21.0 -20.44875976673115 0
1702 -21.0 -20.454272169063838 0
1703 -20.0 -20.449729447373198 0
1704 -20.0 -20.445232152899464 0
1705 -21.0 -20.450779831370472 0
1706 -21.0 -20.456272033056766 0
1707 -21.0 -20.4617093127262 0
1708 -21.0 -20.46709221959894 0
1709 -20.0 -20.462421297402948 6.777400196433013
1710 -21.0 -20.46779708442892 0
1711 -21.0 -20.47311911358463 0
1712 -21.0 -20.478387922448785 0
1713 -19.0 -20.463604043224297 0
1714 -21.0 -20.468968002792053 0
1715 -20.0 -20.46427832276413 0
1716 -20.0 -20.45963553953649 0
1717 -21.0 -20.465039184141126 0
1718 -21.0 -20.470388792299715 0
1719 -21.0 -20.47568490437672 6.853483653988293
1720 -21.0 -20.480928055332953 0
1721 -21.0 -20.486118774779623 0
1722 -21.0 -20.49125758703183 0
1723 -18.0 -20.46634501116151 0
1724 -20.0 -20.461681561049897 0
1725 -21.0 -20.467064745439398 0
1726 -21.0 -20.472394097985006 0
1727 -20.0 -20.467670157005156 0
1728 -21.0 -20.472993455435105 0
1729 -21.0 -20.478263520880756 6.925708859907689
1730 -21.0 -20.48348088567195 0
1731 -20.0 -20.478646076815227 0
1732 -19.0 -20.463859616047078 0
1733 -21.0 -20.469221019886607 0
1734 -21.0 -20.47452880968774 0
1735 -19.0 -20.459783521590865 0
1736 -21.0 -20.465185686374955 0
1737 -20.0 -20.460533829511206 0
1738 -21.0 -20.465928491216093 0
1739 -19.0 -20.451269206303934 6.897455363752893
1740 -21.0 -20.456756514240894 0
1741 -21.0 -20.462188949098486 0
1742 -21.0 -20.467567059607504 0
1743 -20.0 -20.46289138901143 0
1744 -20.0 -20.458262475121312 0
1745 -20.0 -20.453679850370097 0
1746 -20.0 -20.449143051866397 0
1747 -20.0 -20.44465162134773 0
1748 -20.0 -20.440205105134254 0
1749 -21.0 -20.445803054082912 6.948372071162258
1750 -20.0 -20.44134502354208 0
1751 -20.0 -20.43693157330666 0
1752 -20.0 -20.43256225757359 0
1753 -20.0 -20.42823663499785 0
1754 -20.0 -20.423954268647872 0
1755 -20.0 -20.41971472596139 0
1756 -21.0 -20.42551757870178 0
1757 -21.0 -20.43126240291476 0
1758 -20.0 -20.426949778885614 0
1759 -20.0 -20.422680281096756 7.016371785028229
1760 -21.0 -20.42845347828579 0
1761 -20.0 -20.42416894350293 0
1762 -21.0 -20.429927254067902 0
1763 -21.0 -20.435627981527222 0
1764 -21.0 -20.44127170171195 0
1765 -19.0 -20.42685898469483 0
1766 -21.0 -20.432590394847885 0
1767 -20.0 -20.428264490899405 0
1768 -19.0 -20.413981845990413 0
1769 -21.0 -20.41984202753051 7.112492094017049
1770 -20.0 -20.415643607255205 0
1771 -21.0 -20.421487171182655 0
1772 -21.0 -20.42727229947083 0
1773 -21.0 -20.43299957647612 0
1774 -20.0 -20.428669580711357 0
1775 -21.0 -20.434382884904245 0
1776 -21.0 -20.440039056055202 0
1777 -21.0 -20.445638665494652 0
1778 -19.0 -20.431182278839707 0
1779 -20.0 -20.426870456051308 7.133082036191001
1780 -21.0 -20.432601751490797 0
1781 -20.0 -20.428275733975887 0
1782 -19.0 -20.41399297663613 0
1783 -21.0 -20.41985304686977 0
1784 -21.0 -20.42565451640107 0
1785 -21.0 -20.43139797123706 0
1786 -20.0 -20.42708399152469 0
1787 -21.0 -20.432813151609444 0
1788 -20.0 -20.428485020093348 0
1789 -21.0 -20.434200169892414 7.131149905442057
1790 -21.0 -20.43985816819349 0
1791 -21.0 -20.445459586511554 0
1792 -21.0 -20.45100499064644 0
1793 -20.0 -20.446494940739974 0
1794 -21.0 -20.452029991332576 0
1795 -19.0 -20.43750969141925 0
1796 -20.0 -20.43313459450506 0
1797 -21.0 -20.43880324856001 0
1798 -21.0 -20.44441521607441 0
1799 -21.0 -20.44997106391367 7.150057092852997
1800 -21.0 -20.455471353274532 0
1801 -21.0 -20.46091663974179 0
1802 -21.0 -20.466307473344372 0
1803 -19.0 -20.45164439861093 0
1804 -21.0 -20.457127954624823 0
1805 -20.0 -20.452556675078576 0
1806 -21.0 -20.45803110832779 0
1807 -21.0 -20.463450797244516 0
1808 -20.0 -20.458816289272068 0
1809 -21.0 -20.464228126379346 7.129564119325924
1810 -20.0 -20.45958584511555 0
1811 -21.0 -20.464989986664396 0
1812 -21.0 -20.47034008679775 0
1813 -20.0 -20.465636685929773 0
1814 -20.0 -20.460980319070476 0
1815 -20.0 -20.45637051587977 0
1816 -21.0 -20.461806810720972 0
1817 -21.0 -20.467188742613764 0
1818 -21.0 -20.472516855187628 0
1819 -20.0 -20.46779168663575 7.19598324661648
1820 -19.0 -20.45311376976939 0
1821 -21.0 -20.4585826320717 0
1822 -21.0 -20.463996805750984 0
1823 -21.0 -20.469356837693475 0
1824 -21.0 -20.47466326931654 0
1825 -21.0 -20.479916636623376 0
1826 -20.0 -20.475117470257143 0
1827 -20.0 -20.47036629555457 0
1828 -21.0 -20.475662632599025 0
1829 -21.0 -20.480906006273035 7.165925806241893
1830 -21.0 -20.486096946210306 0
1831 -21.0 -20.491235976748204 0
1832 -20.0 -20.48632361698072 0
1833 -21.0 -20.491460380810913 0
1834 -19.0 -20.476545777002805 0
1835 -20.0 -20.471780319232774 0
1836 -19.0 -20.45706251604045 0
1837 -21.0 -20.462491890880045 0
1838 -21.0 -20.467866971971244 0
1839 -20.0 -20.46318830225153 7.186138575200611
1840 -20.0 -20.458556419229016 0
1841 -21.0 -20.463970855036727 0
1842 -19.0 -20.44933114648636 0
1843 -20.0 -20.4448378350215 0
1844 -20.0 -20.440389456671284 0
1845 -21.0 -20.44598556210457 0
1846 -20.0 -20.441525706483525 0
1847 -21.0 -20.44711044941869 0
1848 -20.0 -20.442639344924505 0
1849 -19.0 -20.42821295147526 7.196966749066863
1850 -21.0 -20.43393082196051 0
1851 -20.0 -20.429591513740903 0
1852 -20.0 -20.425295598603494 0
1853 -20.0 -20.421042642617458 0
1854 -20.0 -20.41683221619128 0
1855 -21.0 -20.42266389402937 0
1856 -21.0 -20.428437255089076 0
1857 -21.0 -20.434152882538186 0
1858 -21.0 -20.439811353712805 0
1859 -21.0 -20.44541324017568 7.220425051089376
1860 -17.0 -20.410959107773923 0
1861 -21.0 -20.416849516696185 0
1862 -21.0 -20.422681021529225 0
1863 -20.0 -20.418454211313932 0
1864 -21.0 -20.424269669200793 0
1865 -21.0 -20.430026972508784 0
1866 -21.0 -20.435726702783697 0
1867 -21.0 -20.44136943575586 0
1868 -20.0 -20.4369557413983 0
1869 -20.0 -20.432586183984316 7.350768932343792
1870 -21.0 -20.438260322144473 0
1871 -21.0 -20.44387771892303 0
1872 -21.0 -20.4494389417338 0
1873 -20.0 -20.44494455231646 0
1874 -21.0 -20.450495106793298 0
1875 -21.0 -20.455990155725367 0
1876 -21.0 -20.461430254168114 0
1877 -20.0 -20.45681595162643 0
1878 -21.0 -20.46224779211017 0
1879 -21.0 -20.467625314189068 7.387500948636448
1880 -19.0 -20.45294906104718 0
1881 -21.0 -20.458419570436707 0
1882 -20.0 -20.45383537473234 0
1883 -20.0 -20.449297020985014 0
1884 -20.0 -20.444804050775165 0
1885 -20.0 -20.44035601026741 0
1886 -21.0 -20.44595245016474 0
1887 -21.0 -20.451492925663093 0
1888 -16.0 -20.40697799640646 0
1889 -21.0 -20.412908216442396 7.394363739993457
1890 -21.0 -20.418779134277973 0
1891 -18.0 -20.394591342935193 0
1892 -21.0 -20.400645429505843 0
1893 -21.0 -20.406638975210786 0
1894 -21.0 -20.41257258545868 0
1895 -21.0 -20.418446859604092 0
1896 -21.0 -20.424262391008053 0
1897 -21.0 -20.430019767097974 0
1898 -21.0 -20.435719569426997 0
1899 -21.0 -20.441362373732726 7.363971540189918
1900 -21.0 -20.4469487499954 0
1901 -21.0 -20.452479262495448 0
1902 -19.0 -20.437954469870494 0
1903 -21.0 -20.443574925171788 0
1904 -20.0 -20.43913917592007 0
1905 -20.0 -20.434747784160866 0
1906 -21.0 -20.44040030631926 0
1907 -21.0 -20.445996303256067 0
1908 -21.0 -20.451536340223505 0
1909 -20.0 -20.447020976821268 7.390759173322086
1910 -21.0 -20.452550767053054 0
1911 -20.0 -20.448025259382522 0
1912 -21.0 -20.453545006788698 0
1913 -21.0 -20.45900955672081 0
1914 -21.0 -20.464419461153604 0
1915 -21.0 -20.46977526654207 0
1916 -20.0 -20.465077513876647 0
1917 -20.0 -20.46042673873788 0
1918 -21.0 -20.465822471350503 0
1919 -21.0 -20.471164246637 7.3596416106081675
1920 -21.0 -20.47645260417063 0
1921 -21.0 -20.481688078128922 0
1922 -19.0 -20.466871197347633 0
1923 -21.0 -20.472202485374158 0
1924 -18.0 -20.447480460520417 0
1925 -21.0 -20.453005655915213 0
1926 -21.0 -20.45847559935606 0
1927 -19.0 -20.4438908433625 0
1928 -20.0 -20.439451934928872 0
1929 -21.0 -20.445057415579583 7.383570859915077
1930 -20.0 -20.440606841423786 0
1931 -21.0 -20.44620077300955 0
1932 -20.0 -20.441738765279453 0
1933 -21.0 -20.447321377626658 0
1934 -21.0 -20.45284816385039 0
1935 -20.0 -20.448319682211885 0
1936 -19.0 -20.43383648538977 0
1937 -20.0 -20.42949812053587 0
1938 -21.0 -20.435203139330515 0
1939 -20.0 -20.430851107937208 7.478616594956686
1940 -18.0 -20.406542596857836 0
1941 -21.0 -20.412477170889257 0
1942 -21.0 -20.418352399180364 0
1943 -21.0 -20.42416887518856 0
1944 -20.0 -20.419927186436674 0
1945 -20.0 -20.415727914572305 0
1946 -21.0 -20.421570635426583 0
1947 -21.0 -20.42735492907232 0
1948 -21.0 -20.433081379781598 0
1949 -20.0 -20.42875056598378 7.58877355785236
1950 -18.0 -20.40446306032394 0
1951 -21.0 -20.410418429720703 0
1952 -20.0 -20.406314245423495 0
1953 -21.0 -20.41225110296926 0
1954 -21.0 -20.41812859193957 0
1955 -21.0 -20.423947306020175 0
1956 -21.0 -20.429707832959974 0
1957 -20.0 -20.425410754630374 0
1958 -21.0 -20.43115664708407 0
1959 -21.0 -20.436845080613228 7.567015861327821
1960 -21.0 -20.442476629807096 0
1961 -21.0 -20.448051863509026 0
1962 -21.0 -20.453571344873936 0
1963 -21.0 -20.4590356314252 0
1964 -20.0 -20.454445275110945 0
1965 -20.0 -20.449900822359837 0
1966 -21.0 -20.455401814136238 0
1967 -18.0 -20.430847795994875 0
1968 -20.0 -20.426539318034926 0
1969 -21.0 -20.432273924854577 7.548887367087612
1970 -20.0 -20.42795118560603 0
1971 -21.0 -20.43367167374997 0
1972 -21.0 -20.43933495701247 0
1973 -21.0 -20.444941607442345 0
1974 -21.0 -20.45049219136792 0
1975 -19.0 -20.435987269454245 0
1976 -21.0 -20.441627396759703 0
1977 -21.0 -20.447211122792105 0
1978 -20.0 -20.442739011564182 0
1979 -20.0 -20.438311621448538 7.566525313130017
1980 -21.0 -20.44392850523405 0
1981 -21.0 -20.44948922018171 0
1982 -20.0 -20.44499432797989 0
1983 -21.0 -20.450544384700095 0
1984 -21.0 -20.456038940853094 0
1985 -20.0 -20.451478551444563 0
1986 -20.0 -20.446963765930118 0
1987 -21.0 -20.452494128270818 0
1988 -21.0 -20.45796918698811 0
1989 -21.0 -20.46338949511823 7.534970185311553
1990 -20.0 -20.458755600167045 0
1991 -18.0 -20.434168044165375 0
1992 -20.0 -20.42982636372372 0
1993 -21.0 -20.435528100086483 0
1994 -21.0 -20.44117281908562 0
1995 -21.0 -20.446761090894764 0
1996 -21.0 -20.452293479985816 0
1997 -21.0 -20.45777054518596 0
1998 -21.0 -20.4631928397341 0
1999 -21.0 -20.46856091133676 7.531971870225668
