0 -21.0 -21.0 0
1 -21.0 -21.0 0
2 -21.0 -21.0 0
3 -20.0 -20.99 0
4 -21.0 -20.990099999999998 0
5 -21.0 -20.990199 0
6 -18.0 -20.96029701 0
7 -21.0 -20.9606940399 0
8 -21.0 -20.961087099501004 0
9 -21.0 -20.961476228505994 0.21249862373426331
10 -21.0 -20.961861466220935 0
11 -21.0 -20.962242851558727 0
12 -21.0 -20.96262042304314 0
13 -21.0 -20.96299421881271 0
14 -21.0 -20.963364276624585 0
15 -21.0 -20.96373063385834 0
16 -21.0 -20.96409332751976 0
17 -19.0 -20.944452394244564 0
18 -21.0 -20.94500787030212 0
19 -21.0 -20.9455577915991 0.2586847792574627
20 -21.0 -20.94610221368311 0
21 -20.0 -20.936641191546276 0
22 -20.0 -20.92727477963081 0
23 -21.0 -20.928002031834502 0
24 -20.0 -20.918722011516156 0
25 -21.0 -20.919534791400995 0
26 -21.0 -20.920339443486984 0
27 -21.0 -20.921136049052116 0
28 -21.0 -20.921924688561596 0
29 -20.0 -20.91270544167598 0.2932455887290727
30 -20.0 -20.903578387259216 0
31 -21.0 -20.904542603386624 0
32 -21.0 -20.905497177352757 0
33 -21.0 -20.90644220557923 0
34 -21.0 -20.907377783523437 0
35 -21.0 -20.9083040056882 0
36 -19.0 -20.88922096563132 0
37 -21.0 -20.89032875597501 0
38 -21.0 -20.89142546841526 0
39 -21.0 -20.892511213731108 0.3190688071652505
40 -21.0 -20.893586101593797 0
41 -20.0 -20.88465024057786 0
42 -20.0 -20.875803738172078 0
43 -19.0 -20.85704570079036 0
44 -21.0 -20.858475243782454 0
45 -21.0 -20.85989049134463 0
46 -20.0 -20.85129158643118 0
47 -21.0 -20.85277867056687 0
48 -21.0 -20.8542508838612 0
49 -21.0 -20.85570837502259 0.39324847557271486
50 -21.0 -20.857151291272366 0
51 -19.0 -20.838579778359644 0
52 -21.0 -20.84019398057605 0
53 -21.0 -20.84179204077029 0
54 -21.0 -20.843374120362586 0
55 -21.0 -20.84494037915896 0
56 -21.0 -20.84649097536737 0
57 -21.0 -20.8480260656137 0
58 -21.0 -20.84954580495756 0
59 -20.0 -20.841050346907984 0.4460746952312845
60 -18.0 -20.812639843438905 0
61 -21.0 -20.81451344500452 0
62 -21.0 -20.816368310554473 0
63 -21.0 -20.818204627448928 0
64 -20.0 -20.810022581174437 0
65 -21.0 -20.811922355362693 0
66 -18.0 -20.783803131809066 0
67 -21.0 -20.785965100490976 0
68 -21.0 -20.788105449486068 0
69 -21.0 -20.790224394991206 0.4715635857779814
70 -21.0 -20.792322151041294 0
71 -21.0 -20.79439892953088 0
72 -21.0 -20.796454940235574 0
73 -20.0 -20.788490390833218 0
74 -20.0 -20.780605486924884 0
75 -21.0 -20.782799432055636 0
76 -21.0 -20.78497143773508 0
77 -21.0 -20.787121723357732 0
78 -21.0 -20.789250506124155 0
79 -19.0 -20.771358001062914 0.5043527375524339
80 -20.0 -20.763644421052284 0
81 -21.0 -20.766007976841763 0
82 -21.0 -20.768347897073347 0
83 -21.0 -20.770664418102616 0
84 -21.0 -20.77295777392159 0
85 -21.0 -20.775228196182375 0
86 -21.0 -20.777475914220553 0
87 -21.0 -20.779701155078346 0
88 -21.0 -20.781904143527562 0
89 -20.0 -20.774085102092286 0.5577192267806488
90 -20.0 -20.766344251071363 0
91 -20.0 -20.758680808560648 0
92 -21.0 -20.76109400047504 0
93 -20.0 -20.753483060470288 0
94 -18.0 -20.725948229865583 0
95 -21.0 -20.728688747566927 0
96 -21.0 -20.73140186009126 0
97 -19.0 -20.71408784149035 0
98 -20.0 -20.706946963075445 0
99 -21.0 -20.70987749344469 0.6796903938556476
100 -20.0 -20.702778718510242 0
101 -21.0 -20.70575093132514 0
102 -21.0 -20.70869342201189 0
103 -21.0 -20.711606487791773 0
104 -21.0 -20.714490422913855 0
105 -21.0 -20.717345518684716 0
106 -21.0 -20.72017206349787 0
107 -20.0 -20.71297034286289 0
108 -21.0 -20.715840639434262 0
109 -21.0 -20.71868223303992 0.6950199580288283
110 -21.0 -20.721495410709522 0
111 -20.0 -20.714280456602427 0
112 -21.0 -20.717137652036403 0
113 -19.0 -20.69996627551604 0
114 -21.0 -20.702966612760882 0
115 -21.0 -20.705936946633273 0
116 -20.0 -20.69887757716694 0
117 -21.0 -20.70188880139527 0
118 -21.0 -20.70486991338132 0
119 -21.0 -20.707821214247506 0.7489455676705623
120 -20.0 -20.70074300210503 0
121 -21.0 -20.70373557208398 0
122 -21.0 -20.70669821636314 0
123 -21.0 -20.70963123419951 0
124 -19.0 -20.692534921857515 0
125 -21.0 -20.69560957263894 0
126 -18.0 -20.66865347691255 0
127 -20.0 -20.661966942143422 0
128 -20.0 -20.655347272721986 0
129 -19.0 -20.63879379999477 0.9083120178980898
130 -19.0 -20.62240586199482 0
131 -21.0 -20.626181803374873 0
132 -21.0 -20.629919985341125 0
133 -20.0 -20.623620785487713 0
134 -20.0 -20.617384577632833 0
135 -21.0 -20.621210731856507 0
136 -20.0 -20.614998624537943 0
137 -21.0 -20.618848638292565 0
138 -21.0 -20.622660151909642 0
139 -20.0 -20.616433550390546 0.9620673542616067
140 -21.0 -20.62026921488664 0
141 -20.0 -20.614066522737772 0
142 -21.0 -20.617925857510397 0
143 -20.0 -20.61174659893529 0
144 -21.0 -20.615629132945937 0
145 -21.0 -20.619472841616478 0
146 -20.0 -20.613278113200312 0
147 -20.0 -20.60714533206831 0
148 -21.0 -20.61107387874763 0
149 -20.0 -20.60496313996015 1.0014928645507537
150 -20.0 -20.59891350856055 0
151 -21.0 -20.602924373474945 0
152 -20.0 -20.596895129740194 0
153 -21.0 -20.60092617844279 0
154 -20.0 -20.594916916658363 0
155 -21.0 -20.59896774749178 0
156 -21.0 -20.602978070016864 0
157 -21.0 -20.606948289316694 0
158 -21.0 -20.61087880642353 0
159 -21.0 -20.614770018359295 1.0279183471121665
160 -21.0 -20.618622318175703 0
161 -21.0 -20.622436094993947 0
162 -21.0 -20.62621173404401 0
163 -21.0 -20.62994961670357 0
164 -20.0 -20.623650120536535 0
165 -20.0 -20.61741361933117 0
166 -21.0 -20.62123948313786 0
167 -20.0 -20.61502708830648 0
168 -17.0 -20.578876817423417 0
169 -21.0 -20.583088049249184 1.0666427707040471
170 -21.0 -20.587257168756693 0
171 -21.0 -20.591384597069126 0
172 -21.0 -20.595470751098436 0
173 -20.0 -20.58951604358745 0
174 -21.0 -20.593620883151576 0
175 -19.0 -20.57768467432006 0
176 -19.0 -20.56190782757686 0
177 -20.0 -20.55628874930109 0
178 -21.0 -20.56072586180808 0
179 -21.0 -20.56511860319 1.0959931121084123
180 -20.0 -20.5594674171581 0
181 -18.0 -20.533872742986517 0
182 -20.0 -20.52853401555665 0
183 -20.0 -20.523248675401085 0
184 -18.0 -20.498016188647075 0
185 -20.0 -20.493036026760603 0
186 -21.0 -20.498105666492997 0
187 -21.0 -20.503124609828067 0
188 -21.0 -20.508093363729788 0
189 -19.0 -20.49301243009249 1.1484694242399882
190 -21.0 -20.498082305791566 0
191 -20.0 -20.49310148273365 0
192 -21.0 -20.498170467906313 0
193 -21.0 -20.50318876322725 0
194 -20.0 -20.498156875594976 0
195 -19.0 -20.483175306839026 0
196 -21.0 -20.488343553770637 0
197 -21.0 -20.49346011823293 0
198 -21.0 -20.498525517050602 0
199 -21.0 -20.503540261880097 1.185508036864092
200 -21.0 -20.508504859261297 0
201 -21.0 -20.513419810668683 0
202 -20.0 -20.508285612561995 0
203 -19.0 -20.493202756436375 0
204 -21.0 -20.49827072887201 0
205 -20.0 -20.49328802158329 0
206 -20.0 -20.488355141367457 0
207 -19.0 -20.473471589953782 0
208 -21.0 -20.478736874054245 0
209 -21.0 -20.483949505313703 1.219859432358005
210 -20.0 -20.479110010260566 0
211 -20.0 -20.474318910157958 0
212 -19.0 -20.45957572105638 0
213 -18.0 -20.434979963845812 0
214 -21.0 -20.440630164207356 0
215 -21.0 -20.446223862565283 0
216 -21.0 -20.451761623939632 0
217 -20.0 -20.447244007700235 0
218 -21.0 -20.452771567623234 0
219 -21.0 -20.458243851947003 1.2753078700143645
220 -21.0 -20.463661413427534 0
221 -20.0 -20.459024799293257 0
222 -19.0 -20.444434551300326 0
223 -20.0 -20.43999020578732 0
224 -21.0 -20.44559030372945 0
225 -18.0 -20.421134400692154 0
226 -21.0 -20.426923056685233 0
227 -20.0 -20.42265382611838 0
228 -21.0 -20.428427287857197 0
229 -21.0 -20.434143014978627 1.309729966047675
230 -19.0 -20.419801584828843 0
231 -21.0 -20.425603568980556 0
232 -21.0 -20.43134753329075 0
233 -21.0 -20.437034057957845 0
234 -20.0 -20.432663717378265 0
235 -21.0 -20.438337080204484 0
236 -21.0 -20.44395370940244 0
237 -21.0 -20.449514172308415 0
238 -21.0 -20.455019030585333 0
239 -21.0 -20.460468840279482 1.3271455362261362
240 -20.0 -20.455864151876685 0
241 -21.0 -20.46130551035792 0
242 -20.0 -20.45669245525434 0
243 -21.0 -20.462125530701798 0
244 -20.0 -20.45750427539478 0
245 -20.0 -20.45292923264083 0
246 -19.0 -20.438399940314422 0
247 -21.0 -20.444015940911278 0
248 -19.0 -20.429575781502166 0
249 -21.0 -20.435280023687145 1.3939685919086329
250 -21.0 -20.440927223450274 0
251 -20.0 -20.43651795121577 0
252 -21.0 -20.44215277170361 0
253 -20.0 -20.437731243986573 0
254 -21.0 -20.443353931546707 0
255 -20.0 -20.43892039223124 0
256 -20.0 -20.434531188308927 0
257 -21.0 -20.44018587642584 0
258 -21.0 -20.445784017661584 0
259 -19.0 -20.43132617748497 1.4840283290633984
260 -20.0 -20.42701291571012 0
261 -20.0 -20.422742786553016 0
262 -21.0 -20.428515358687488 0
263 -21.0 -20.434230205100615 0
264 -21.0 -20.43988790304961 0
265 -21.0 -20.445489024019114 0
266 -19.0 -20.431034133778923 0
267 -21.0 -20.436723792441136 0
268 -20.0 -20.432356554516723 0
269 -20.0 -20.428032988971555 1.5249816616928058
270 -20.0 -20.42375265908184 0
271 -21.0 -20.42951513249102 0
272 -21.0 -20.43521998116611 0
273 -21.0 -20.44086778135445 0
274 -21.0 -20.446459103540906 0
275 -21.0 -20.451994512505497 0
276 -21.0 -20.45747456738044 0
277 -21.0 -20.462899821706635 0
278 -19.0 -20.44827082348957 0
279 -20.0 -20.443788115254673 1.6402819176676826
280 -21.0 -20.449350234102127 0
281 -21.0 -20.454856731761108 0
282 -21.0 -20.460308164443497 0
283 -21.0 -20.46570508279906 0
284 -21.0 -20.471048031971073 0
285 -21.0 -20.476337551651362 0
286 -21.0 -20.48157417613485 0
287 -21.0 -20.486758434373503 0
288 -19.0 -20.47189085002977 0
289 -20.0 -20.46717194152947 1.7467866916813573
290 -20.0 -20.462500222114176 0
291 -20.0 -20.457875219893033 0
292 -21.0 -20.463296467694104 0
293 -21.0 -20.46866350301716 0
294 -21.0 -20.47397686798699 0
295 -21.0 -20.47923709930712 0
296 -21.0 -20.48444472831405 0
297 -19.0 -20.46960028103091 0
298 -21.0 -20.474904278220603 0
299 -21.0 -20.480155235438396 1.7599414469677928
300 -20.0 -20.475353683084013 0
301 -21.0 -20.480600146253174 0
302 -21.0 -20.485794144790642 0
303 -21.0 -20.490936203342738 0
304 -20.0 -20.48602684130931 0
305 -21.0 -20.49116657289622 0
306 -21.0 -20.49625490716726 0
307 -21.0 -20.501292358095586 0
308 -21.0 -20.50627943451463 0
309 -20.0 -20.501216640169485 1.7740619148204175
310 -21.0 -20.50620447376779 0
311 -21.0 -20.511142429030116 0
312 -21.0 -20.516031004739816 0
313 -19.0 -20.50087069469242 0
314 -21.0 -20.505861987745497 0
315 -20.0 -20.50080336786804 0
316 -20.0 -20.49579533418936 0
317 -21.0 -20.500837380847468 0
318 -21.0 -20.505829007038994 0
319 -21.0 -20.510770716968604 1.8486437434652407
320 -21.0 -20.51566300979892 0
321 -20.0 -20.51050637970093 0
322 -19.0 -20.495401315903923 0
323 -21.0 -20.500447302744885 0
324 -21.0 -20.505442829717435 0
325 -21.0 -20.51038840142026 0
326 -19.0 -20.49528451740606 0
327 -21.0 -20.500331672232 0
328 -21.0 -20.505328355509683 0
329 -21.0 -20.510275071954588 1.8640222202217636
330 -20.0 -20.50517232123504 0
331 -20.0 -20.50012059802269 0
332 -20.0 -20.49511939204246 0
333 -20.0 -20.490168198122035 0
334 -21.0 -20.495266516140816 0
335 -20.0 -20.49031385097941 0
336 -21.0 -20.495410712469614 0
337 -21.0 -20.50045660534492 0
338 -19.0 -20.48545203929147 0
339 -21.0 -20.490597518898557 1.8921233321344475
340 -20.0 -20.48569154370957 0
341 -19.0 -20.470834628272478 0
342 -21.0 -20.476126281989753 0
343 -21.0 -20.481365019169857 0
344 -21.0 -20.48655136897816 0
345 -18.0 -20.461685855288376 0
346 -20.0 -20.45706899673549 0
347 -19.0 -20.442498306768137 0
348 -20.0 -20.438073323700454 0
349 -21.0 -20.44369259046345 1.957371065021226
350 -21.0 -20.449255664558816 0
351 -21.0 -20.45476310791323 0
352 -21.0 -20.460215476834097 0
353 -21.0 -20.465613322065757 0
354 -20.0 -20.460957188845097 0
355 -21.0 -20.466347616956647 0
356 -20.0 -20.461684140787078 0
357 -19.0 -20.44706729937921 0
358 -21.0 -20.452596626385418 0
359 -21.0 -20.458070660121564 1.9951418187673509
360 -21.0 -20.463489953520348 0
361 -21.0 -20.468855053985145 0
362 -19.0 -20.454166503445293 0
363 -21.0 -20.459624838410843 0
364 -20.0 -20.455028590026732 0
365 -20.0 -20.450478304126463 0
366 -21.0 -20.4559735210852 0
367 -21.0 -20.461413785874345 0
368 -21.0 -20.466799648015602 0
369 -16.0 -20.422131651535445 2.0602029210256387
370 -21.0 -20.42791033502009 0
371 -21.0 -20.43363123166989 0
372 -21.0 -20.43929491935319 0
373 -21.0 -20.44490197015966 0
374 -21.0 -20.450452950458065 0
375 -21.0 -20.455948420953483 0
376 -21.0 -20.461388936743948 0
377 -21.0 -20.466775047376508 0
378 -20.0 -20.462107296902744 0
379 -21.0 -20.46748622393372 2.0745050476732523
380 -19.0 -20.452811361694383 0
381 -20.0 -20.448283248077438 0
382 -20.0 -20.443800415596662 0
383 -21.0 -20.449362411440696 0
384 -18.0 -20.42486878732629 0
385 -20.0 -20.420620099453025 0
386 -21.0 -20.426413898458495 0
387 -21.0 -20.432149759473912 0
388 -21.0 -20.437828261879172 0
389 -19.0 -20.423449979260383 2.111095228210087
390 -20.0 -20.419215479467777 0
391 -21.0 -20.4250233246731 0
392 -20.0 -20.420773091426366 0
393 -20.0 -20.416565360512102 0
394 -21.0 -20.422399706906983 0
395 -21.0 -20.428175709837912 0
396 -21.0 -20.433893952739535 0
397 -20.0 -20.429555013212138 0
398 -21.0 -20.435259463080016 0
399 -21.0 -20.440906868449215 2.185075576576249
400 -20.0 -20.436497799764723 0
401 -20.0 -20.432132821767073 0
402 -21.0 -20.437811493549404 0
403 -19.0 -20.42343337861391 0
404 -20.0 -20.41919904482777 0
405 -19.0 -20.405007054379492 0
406 -21.0 -20.4109569838357 0
407 -17.0 -20.376847413997343 0
408 -20.0 -20.37307893985737 0
409 -19.0 -20.359348150458796 2.1950496368528474
410 -20.0 -20.35575466895421 0
411 -18.0 -20.332197122264667 0
412 -21.0 -20.33887515104202 0
413 -21.0 -20.3454863995316 0
414 -21.0 -20.352031535536288 0
415 -21.0 -20.358511220180926 0
416 -21.0 -20.364926107979116 0
417 -21.0 -20.371276846899324 0
418 -21.0 -20.377564078430332 0
419 -21.0 -20.38378843764603 2.2158571339100934
420 -21.0 -20.389950553269568 0
421 -21.0 -20.396051047736872 0
422 -20.0 -20.392090537259502 0
423 -20.0 -20.388169631886907 0
424 -21.0 -20.394287935568038 0
425 -21.0 -20.40034505621236 0
426 -20.0 -20.396341605650235 0
427 -21.0 -20.402378189593733 0
428 -20.0 -20.398354407697795 0
429 -20.0 -20.394370863620818 2.2494777031499167
430 -18.0 -20.370427154984608 0
431 -20.0 -20.36672288343476 0
432 -19.0 -20.353055654600414 0
433 -21.0 -20.359525098054412 0
434 -21.0 -20.36592984707387 0
435 -21.0 -20.37227054860313 0
436 -21.0 -20.378547843117097 0
437 -21.0 -20.384762364685926 0
438 -21.0 -20.39091474103907 0
439 -19.0 -20.37700559362868 2.2689877254328548
440 -21.0 -20.383235537692396 0
441 -21.0 -20.389403182315473 0
442 -21.0 -20.39550915049232 0
443 -21.0 -20.401554058987397 0
444 -19.0 -20.387538518397523 0
445 -21.0 -20.393663133213547 0
446 -21.0 -20.39972650188141 0
447 -21.0 -20.405729236862598 0
448 -21.0 -20.41167194449397 0
449 -21.0 -20.417555225049032 2.291214235749926
450 -19.0 -20.403379672798543 0
451 -20.0 -20.39934587607056 0
452 -21.0 -20.405352417309853 0
453 -21.0 -20.411298893136756 0
454 -21.0 -20.41718590420539 0
455 -20.0 -20.413014045163333 0
456 -20.0 -20.4088839047117 0
457 -21.0 -20.414795065664585 0
458 -20.0 -20.410647115007936 0
459 -20.0 -20.406540643857856 2.3141249059515454
460 -21.0 -20.412475237419276 0
461 -20.0 -20.408350485045084 0
462 -21.0 -20.414266980194633 0
463 -20.0 -20.410124310392685 0
464 -21.0 -20.41602306728876 0
465 -21.0 -20.421862836615873 0
466 -21.0 -20.427644208249713 0
467 -20.0 -20.423367766167214 0
468 -21.0 -20.429134088505542 0
469 -21.0 -20.434842747620486 2.4065431119633907
470 -21.0 -20.440494320144282 0
471 -21.0 -20.44608937694284 0
472 -20.0 -20.44162848317341 0
473 -19.0 -20.427212198341678 0
474 -21.0 -20.43294007635826 0
475 -21.0 -20.438610675594678 0
476 -21.0 -20.44422456883873 0
477 -21.0 -20.449782323150345 0
478 -20.0 -20.44528449991884 0
479 -20.0 -20.440831654919652 2.4253262693295463
480 -20.0 -20.436423338370453 0
481 -21.0 -20.44205910498675 0
482 -20.0 -20.437638513936882 0
483 -21.0 -20.443262128797514 0
484 -20.0 -20.43882950750954 0
485 -21.0 -20.444441212434445 0
486 -21.0 -20.4499968003101 0
487 -21.0 -20.455496832307 0
488 -21.0 -20.46094186398393 0
489 -19.0 -20.44633244534409 2.4348478279209056
490 -21.0 -20.45186912089065 0
491 -21.0 -20.457350429681743 0
492 -20.0 -20.452776925384924 0
493 -21.0 -20.458249156131075 0
494 -21.0 -20.463666664569764 0
495 -21.0 -20.469029997924068 0
496 -21.0 -20.474339697944828 0
497 -21.0 -20.47959630096538 0
498 -21.0 -20.484800337955726 0
499 -21.0 -20.48995233457617 2.517667854760987
