0 -21.0 -21.0 0
1 -21.0 -21.0 0
2 -21.0 -21.0 0
3 -21.0 -21.0 0
4 -20.0 -20.99 0
5 -20.0 -20.980099999999997 0
6 -21.0 -20.980299 0
7 -21.0 -20.98049601 0
8 -17.0 -20.9406910499 0
9 -20.0 -20.931284139400997 0.15948376367310213
10 -21.0 -20.93197129800699 0
11 -20.0 -20.92265158502692 0
12 -20.0 -20.91342506917665 0
13 -19.0 -20.894290818484883 0
14 -21.0 -20.895347910300035 0
15 -21.0 -20.896394431197034 0
16 -21.0 -20.897430486885064 0
17 -19.0 -20.878456182016215 0
18 -21.0 -20.879671620196053 0
19 -19.0 -20.860874903994095 0.24215122753128862
20 -21.0 -20.862266154954153 0
21 -21.0 -20.863643493404613 0
22 -21.0 -20.865007058470567 0
23 -21.0 -20.86635698788586 0
24 -20.0 -20.857693418007003 0
25 -21.0 -20.859116483826934 0
26 -20.0 -20.850525318988662 0
27 -20.0 -20.842020065798774 0
28 -21.0 -20.84359986514079 0
29 -19.0 -20.825163866489383 0.347084093499302
30 -21.0 -20.82691222782449 0
31 -21.0 -20.828643105546245 0
32 -21.0 -20.830356674490783 0
33 -20.0 -20.822053107745873 0
34 -21.0 -20.823832576668416 0
35 -21.0 -20.825594250901734 0
36 -20.0 -20.817338308392717 0
37 -21.0 -20.81916492530879 0
38 -21.0 -20.820973276055703 0
39 -21.0 -20.822763543295146 0.37452392544005053
40 -19.0 -20.804535907862196 0
41 -19.0 -20.786490548783576 0
42 -21.0 -20.78862564329574 0
43 -20.0 -20.780739386862784 0
44 -21.0 -20.782931992994158 0
45 -20.0 -20.775102673064215 0
46 -21.0 -20.777351646333575 0
47 -21.0 -20.779578129870238 0
48 -20.0 -20.771782348571534 0
49 -21.0 -20.77406452508582 0.4723546417031211
50 -18.0 -20.74632387983496 0
51 -19.0 -20.72886064103661 0
52 -20.0 -20.721572034626245 0
53 -21.0 -20.724356314279984 0
54 -21.0 -20.727112751137184 0
55 -21.0 -20.729841623625813 0
56 -21.0 -20.732543207389554 0
57 -21.0 -20.73521777531566 0
58 -20.0 -20.727865597562502 0
59 -21.0 -20.73058694158688 0.5061621725237357
60 -20.0 -20.72328107217101 0
61 -21.0 -20.7260482614493 0
62 -20.0 -20.718787778834805 0
63 -20.0 -20.711599901046455 0
64 -19.0 -20.69448390203599 0
65 -21.0 -20.697539063015633 0
66 -21.0 -20.700563672385478 0
67 -18.0 -20.67355803566162 0
68 -21.0 -20.676822455305004 0
69 -20.0 -20.67005423075195 0.5416715958997661
70 -20.0 -20.66335368844443 0
71 -21.0 -20.66672015155999 0
72 -20.0 -20.66005295004439 0
73 -21.0 -20.663452420543944 0
74 -21.0 -20.666817896338504 0
75 -19.0 -20.65014971737512 0
76 -21.0 -20.65364822020137 0
77 -19.0 -20.637111737999355 0
78 -20.0 -20.63074062061936 0
79 -21.0 -20.634433214413168 0.5830741759082524
80 -21.0 -20.638088882269038 0
81 -21.0 -20.64170799344635 0
82 -20.0 -20.635290913511884 0
83 -21.0 -20.638938004376765 0
84 -20.0 -20.632548624332998 0
85 -21.0 -20.63622313808967 0
86 -21.0 -20.639860906708773 0
87 -21.0 -20.643462297641687 0
88 -21.0 -20.64702767466527 0
89 -20.0 -20.640557397918617 0.6655289000646275
90 -21.0 -20.64415182393943 0
91 -21.0 -20.647710305700038 0
92 -20.0 -20.641233202643036 0
93 -18.0 -20.614820870616605 0
94 -20.0 -20.608672661910436 0
95 -21.0 -20.61258593529133 0
96 -21.0 -20.61646007593842 0
97 -21.0 -20.620295475179038 0
98 -21.0 -20.624092520427247 0
99 -21.0 -20.627851595222975 0.7585732268682961
100 -21.0 -20.631573079270744 0
101 -21.0 -20.63525734847804 0
102 -21.0 -20.638904774993257 0
103 -21.0 -20.642515727243325 0
104 -21.0 -20.64609056997089 0
105 -20.0 -20.63962966427118 0
106 -21.0 -20.64323336762847 0
107 -21.0 -20.646801033952183 0
108 -21.0 -20.650333023612664 0
109 -21.0 -20.653829693376537 0.8260111677634283
110 -21.0 -20.657291396442773 0
111 -21.0 -20.660718482478345 0
112 -21.0 -20.664111297653562 0
113 -21.0 -20.66747018467703 0
114 -21.0 -20.67079548283026 0
115 -21.0 -20.67408752800196 0
116 -20.0 -20.66734665272194 0
117 -21.0 -20.67067318619472 0
118 -21.0 -20.673966454332774 0
119 -20.0 -20.667226789789446 0.8679328201760024
120 -20.0 -20.66055452189155 0
121 -20.0 -20.653948976672634 0
122 -20.0 -20.647409486905907 0
123 -21.0 -20.65093539203685 0
124 -21.0 -20.654426038116483 0
125 -19.0 -20.63788177773532 0
126 -20.0 -20.631502959957967 0
127 -21.0 -20.635187930358388 0
128 -21.0 -20.638836051054806 0
129 -21.0 -20.64244769054426 0.9213136983112098
130 -20.0 -20.636023213638815 0
131 -20.0 -20.629662981502427 0
132 -20.0 -20.6233663516874 0
133 -18.0 -20.59713268817053 0
134 -20.0 -20.591161361288822 0
135 -21.0 -20.595249747675936 0
136 -20.0 -20.589297250199177 0
137 -20.0 -20.583404277697184 0
138 -21.0 -20.587570234920214 0
139 -21.0 -20.59169453257101 0.9660411531902725
140 -21.0 -20.5957775872453 0
141 -21.0 -20.59981981137285 0
142 -21.0 -20.60382161325912 0
143 -21.0 -20.607783397126532 0
144 -21.0 -20.61170556315527 0
145 -21.0 -20.615588507523718 0
146 -21.0 -20.619432622448482 0
147 -20.0 -20.613238296223997 0
148 -21.0 -20.617105913261756 0
149 -21.0 -20.62093485412914 1.0445762899143076
150 -21.0 -20.624725505587847 0
151 -21.0 -20.62847825053197 0
152 -21.0 -20.63219346802665 0
153 -19.0 -20.615871533346382 0
154 -20.0 -20.609712818012916 0
155 -19.0 -20.593615689832788 0
156 -21.0 -20.59767953293446 0
157 -20.0 -20.591702737605114 0
158 -21.0 -20.595785710229062 0
159 -21.0 -20.599827853126772 1.116081022785471
160 -20.0 -20.593829574595503 0
161 -18.0 -20.567891278849547 0
162 -19.0 -20.552212366061053 0
163 -21.0 -20.556690242400443 0
164 -21.0 -20.56112333997644 0
165 -21.0 -20.565512106576676 0
166 -21.0 -20.56985698551091 0
167 -21.0 -20.574158415655802 0
168 -19.0 -20.558416831499244 0
169 -21.0 -20.562832663184253 1.1952004046726026
170 -21.0 -20.56720433655241 0
171 -20.0 -20.561532293186886 0
172 -21.0 -20.565916970255017 0
173 -19.0 -20.55025780055247 0
174 -21.0 -20.554755222546945 0
175 -21.0 -20.559207670321477 0
176 -21.0 -20.563615593618263 0
177 -20.0 -20.55797943768208 0
178 -21.0 -20.56239964330526 0
179 -19.0 -20.546775646872206 1.2459759485353274
180 -20.0 -20.541307890403484 0
181 -17.0 -20.505894811499452 0
182 -20.0 -20.500835863384456 0
183 -21.0 -20.505827504750613 0
184 -21.0 -20.510769229703108 0
185 -19.0 -20.49566153740608 0
186 -21.0 -20.500704922032018 0
187 -19.0 -20.4856978728117 0
188 -21.0 -20.490840894083583 0
189 -21.0 -20.49593248514275 1.3031539777724175
190 -21.0 -20.500973160291323 0
191 -19.0 -20.48596342868841 0
192 -20.0 -20.481103794401527 0
193 -21.0 -20.486292756457512 0
194 -21.0 -20.491429828892937 0
195 -20.0 -20.486515530604006 0
196 -21.0 -20.491650375297965 0
197 -19.0 -20.476733871544987 0
198 -18.0 -20.451966532829537 0
199 -21.0 -20.457446867501243 1.3410600047012267
200 -21.0 -20.46287239882623 0
201 -21.0 -20.46824367483797 0
202 -21.0 -20.47356123808959 0
203 -20.0 -20.468825625708693 0
204 -21.0 -20.474137369451608 0
205 -21.0 -20.47939599575709 0
206 -21.0 -20.484602035799522 0
207 -21.0 -20.48975601544153 0
208 -21.0 -20.494858455287115 0
209 -21.0 -20.499909870734246 1.3812843931344079
210 -21.0 -20.504910772026903 0
211 -20.0 -20.499861664306632 0
212 -21.0 -20.504863047663566 0
213 -21.0 -20.50981441718693 0
214 -20.0 -20.50471627301506 0
215 -21.0 -20.50966911028491 0
216 -21.0 -20.514572419182063 0
217 -21.0 -20.519426694990244 0
218 -20.0 -20.51423242804034 0
219 -21.0 -20.51909010375994 1.4932064162136456
220 -20.0 -20.51389920272234 0
221 -21.0 -20.518760210695117 0
222 -21.0 -20.523572608588168 0
223 -21.0 -20.528336882502288 0
224 -20.0 -20.523053513677265 0
225 -19.0 -20.507822978540492 0
226 -21.0 -20.51274474875509 0
227 -20.0 -20.507617301267537 0
228 -21.0 -20.512541128254863 0
229 -21.0 -20.517415716972316 1.5349580445794433
230 -20.0 -20.512241559802593 0
231 -19.0 -20.497119144204568 0
232 -20.0 -20.492147952762522 0
233 -21.0 -20.497226473234896 0
234 -21.0 -20.50225420850255 0
235 -21.0 -20.507231666417525 0
236 -21.0 -20.51215934975335 0
237 -21.0 -20.517037756255817 0
238 -20.0 -20.511867378693257 0
239 -20.0 -20.50674870490632 1.5717954340624194
240 -19.0 -20.49168121785726 0
241 -19.0 -20.476764405678686 0
242 -18.0 -20.4519967616219 0
243 -20.0 -20.44747679400568 0
244 -21.0 -20.453002026065626 0
245 -21.0 -20.45847200580497 0
246 -20.0 -20.45388728574692 0
247 -20.0 -20.44934841288945 0
248 -21.0 -20.454854928760554 0
249 -20.0 -20.45030637947295 1.6248743457821286
250 -21.0 -20.45580331567822 0
251 -18.0 -20.431245282521438 0
252 -20.0 -20.426932829696224 0
253 -20.0 -20.42266350139926 0
254 -21.0 -20.42843686638527 0
255 -21.0 -20.434152497721417 0
256 -20.0 -20.429810972744203 0
257 -19.0 -20.41551286301676 0
258 -21.0 -20.421357734386596 0
259 -21.0 -20.427144157042733 1.6838209844982182
260 -21.0 -20.432872715472307 0
261 -21.0 -20.438543988317583 0
262 -20.0 -20.434158548434407 0
263 -21.0 -20.439816962950065 0
264 -17.0 -20.405418793320568 0
265 -21.0 -20.411364605387362 0
266 -20.0 -20.40725095933349 0
267 -19.0 -20.393178449740155 0
268 -21.0 -20.399246665242753 0
269 -21.0 -20.405254198590328 1.7716806404878456
270 -21.0 -20.411201656604426 0
271 -21.0 -20.417089640038384 0
272 -21.0 -20.422918743638 0
273 -21.0 -20.428689556201622 0
274 -21.0 -20.434402660639606 0
275 -21.0 -20.44005863403321 0
276 -21.0 -20.44565804769288 0
277 -21.0 -20.451201467215952 0
278 -21.0 -20.456689452543795 0
279 -20.0 -20.452122558018356 1.7887111939355214
280 -21.0 -20.457601332438173 0
281 -19.0 -20.443025319113794 0
282 -20.0 -20.438595065922655 0
283 -20.0 -20.434209115263428 0
284 -19.0 -20.419867024110793 0
285 -20.0 -20.415668353869684 0
286 -20.0 -20.411511670330984 0
287 -21.0 -20.417396553627675 0
288 -21.0 -20.4232225880914 0
289 -20.0 -20.418990362210483 1.8224137197758994
290 -21.0 -20.42480045858838 0
291 -21.0 -20.430552454002495 0
292 -21.0 -20.43624692946247 0
293 -20.0 -20.431884460167844 0
294 -21.0 -20.437565615566164 0
295 -21.0 -20.443189959410503 0
296 -21.0 -20.4487580598164 0
297 -20.0 -20.444270479218233 0
298 -20.0 -20.43982777442605 0
299 -20.0 -20.435429496681788 1.8596923863251993
300 -21.0 -20.44107520171497 0
301 -21.0 -20.44666444969782 0
302 -21.0 -20.452197805200843 0
303 -21.0 -20.457675827148837 0
304 -21.0 -20.463099068877348 0
305 -21.0 -20.468468078188575 0
306 -19.0 -20.453783397406692 0
307 -19.0 -20.439245563432625 0
308 -21.0 -20.4448531077983 0
309 -21.0 -20.450404576720317 1.9145107955091045
310 -20.0 -20.445900530953114 0
311 -19.0 -20.431441525643585 0
312 -21.0 -20.43712711038715 0
313 -21.0 -20.44275583928328 0
314 -21.0 -20.448328280890447 0
315 -21.0 -20.453844998081543 0
316 -17.0 -20.419306548100728 0
317 -19.0 -20.405113482619722 0
318 -20.0 -20.401062347793523 0
319 -21.0 -20.40705172431559 1.9560887341140651
320 -21.0 -20.412981207072434 0
321 -21.0 -20.41885139500171 0
322 -21.0 -20.42466288105169 0
323 -21.0 -20.430416252241177 0
324 -21.0 -20.436112089718765 0
325 -21.0 -20.441750968821577 0
326 -21.0 -20.44733345913336 0
327 -21.0 -20.452860124542028 0
328 -21.0 -20.458331523296607 0
329 -21.0 -20.46374820806364 2.0527398923368696
330 -21.0 -20.469110725983008 0
331 -21.0 -20.47441961872318 0
332 -20.0 -20.469675422535946 0
333 -21.0 -20.474978668310587 0
334 -20.0 -20.47022888162748 0
335 -20.0 -20.465526592811205 0
336 -21.0 -20.470871326883092 0
337 -21.0 -20.47616261361426 0
338 -20.0 -20.471400987478116 0
339 -20.0 -20.466686977603334 2.1480986006484746
340 -20.0 -20.4620201078273 0
341 -21.0 -20.467399906749026 0
342 -20.0 -20.462725907681534 0
343 -20.0 -20.458098648604718 0
344 -20.0 -20.45351766211867 0
345 -21.0 -20.458982485497486 0
346 -20.0 -20.45439266064251 0
347 -20.0 -20.449848734036085 0
348 -21.0 -20.455350246695723 0
349 -20.0 -20.450796744228764 2.1953215413962046
350 -20.0 -20.446288776786474 0
351 -18.0 -20.42182588901861 0
352 -21.0 -20.427607630128424 0
353 -20.0 -20.42333155382714 0
354 -21.0 -20.42909823828887 0
355 -20.0 -20.42480725590598 0
356 -19.0 -20.41055918334692 0
357 -20.0 -20.40645359151345 0
358 -21.0 -20.412389055598318 0
359 -21.0 -20.418265165042335 2.2304974048071946
360 -20.0 -20.41408251339191 0
361 -21.0 -20.419941688257992 0
362 -19.0 -20.405742271375413 0
363 -21.0 -20.41168484866166 0
364 -18.0 -20.387568000175044 0
365 -18.0 -20.363692320173293 0
366 -21.0 -20.370055396971562 0
367 -21.0 -20.37635484300185 0
368 -21.0 -20.38259129457183 0
369 -21.0 -20.388765381626115 2.253348359431599
370 -20.0 -20.384877727809855 0
371 -20.0 -20.381028950531753 0
372 -21.0 -20.387218661026438 0
373 -21.0 -20.393346474416173 0
374 -20.0 -20.389413009672012 0
375 -21.0 -20.39551887957529 0
376 -21.0 -20.40156369077954 0
377 -18.0 -20.377548053871745 0
378 -21.0 -20.38377257333303 0
379 -20.0 -20.3799348475997 2.289900604666022
380 -21.0 -20.386135499123704 0
381 -21.0 -20.392274144132468 0
382 -20.0 -20.388351402691143 0
383 -18.0 -20.36446788866423 0
384 -21.0 -20.370823209777587 0
385 -19.0 -20.357114977679814 0
386 -21.0 -20.363543827903015 0
387 -17.0 -20.329908389623988 0
388 -21.0 -20.336609305727748 0
389 -18.0 -20.31324321267047 2.370772538553632
390 -21.0 -20.320110780543768 0
391 -20.0 -20.31690967273833 0
392 -20.0 -20.313740576010947 0
393 -18.0 -20.290603170250836 0
394 -21.0 -20.29769713854833 0
395 -20.0 -20.294720167162847 0
396 -21.0 -20.30177296549122 0
397 -21.0 -20.30875523583631 0
398 -21.0 -20.315667683477947 0
399 -21.0 -20.32251100664317 2.404716817888769
400 -21.0 -20.32928589657674 0
401 -21.0 -20.335993037610972 0
402 -21.0 -20.342633107234864 0
403 -20.0 -20.339206776162513 0
404 -21.0 -20.345814708400887 0
405 -20.0 -20.342356561316876 0
406 -20.0 -20.338932995703708 0
407 -21.0 -20.34554366574667 0
408 -21.0 -20.352088229089205 0
409 -20.0 -20.348567346798312 2.440227435999915
410 -21.0 -20.35508167333033 0
411 -21.0 -20.361530856597025 0
412 -21.0 -20.367915548031053 0
413 -19.0 -20.354236392550742 0
414 -20.0 -20.350694028625234 0
415 -18.0 -20.32718708833898 0
416 -21.0 -20.33391521745559 0
417 -19.0 -20.320576065281035 0
418 -20.0 -20.317370304628223 0
419 -21.0 -20.324196601581942 2.461200799765432
420 -21.0 -20.330954635566123 0
421 -21.0 -20.33764508921046 0
422 -19.0 -20.324268638318358 0
423 -18.0 -20.301025951935173 0
424 -19.0 -20.288015692415822 0
425 -20.0 -20.285135535491662 0
426 -19.0 -20.272284180136747 0
427 -21.0 -20.27956133833538 0
428 -21.0 -20.286765724952026 0
429 -21.0 -20.293898067702507 2.5094372691756535
430 -20.0 -20.29095908702548 0
431 -21.0 -20.298049496155226 0
432 -20.0 -20.295069001193674 0
433 -21.0 -20.302118311181736 0
434 -21.0 -20.30909712806992 0
435 -19.0 -20.296006156789222 0
436 -20.0 -20.293046095221328 0
437 -21.0 -20.300115634269115 0
438 -21.0 -20.307114477926426 0
439 -21.0 -20.31404333314716 2.620368971557886
440 -20.0 -20.310902899815687 0
441 -21.0 -20.317793870817532 0
442 -20.0 -20.314615932109355 0
443 -20.0 -20.31146977278826 0
444 -21.0 -20.318355075060378 0
445 -21.0 -20.325171524309773 0
446 -21.0 -20.331919809066676 0
447 -21.0 -20.33860061097601 0
448 -21.0 -20.34521460486625 0
449 -21.0 -20.35176245881759 2.6557427245528804
450 -20.0 -20.348244834229412 0
451 -18.0 -20.324762385887116 0
452 -20.0 -20.321514762028244 0
453 -21.0 -20.32829961440796 0
454 -18.0 -20.30501661826388 0
455 -21.0 -20.311966452081244 0
456 -20.0 -20.30884678756043 0
457 -21.0 -20.315758319684825 0
458 -20.0 -20.312600736487976 0
459 -18.0 -20.289474729123096 2.6839976018358316
460 -21.0 -20.296579981831865 0
461 -21.0 -20.303614182013547 0
462 -21.0 -20.310578040193413 0
463 -21.0 -20.31747225979148 0
464 -19.0 -20.304297537193566 0
465 -21.0 -20.31125456182163 0
466 -21.0 -20.318142016203414 0
467 -21.0 -20.32496059604138 0
468 -21.0 -20.331710990080964 0
469 -21.0 -20.338393880180156 2.7246166721060296
470 -20.0 -20.335009941378352 0
471 -21.0 -20.34165984196457 0
472 -18.0 -20.318243243544924 0
473 -17.0 -20.285060811109474 0
474 -20.0 -20.282210202998378 0
475 -21.0 -20.289388100968395 0
476 -20.0 -20.286494219958712 0
477 -21.0 -20.293629277759127 0
478 -21.0 -20.300692984981538 0
479 -20.0 -20.29768605513172 2.7575989583023626
480 -21.0 -20.304709194580404 0
481 -19.0 -20.2916621026346 0
482 -21.0 -20.298745481608254 0
483 -21.0 -20.305758026792173 0
484 -20.0 -20.302700446524252 0
485 -21.0 -20.30967344205901 0
486 -20.0 -20.30657670763842 0
487 -20.0 -20.303510940562035 0
488 -20.0 -20.30047583115641 0
489 -21.0 -20.307471072844848 2.8038913954505755
490 -21.0 -20.3143963621164 0
491 -21.0 -20.321252398495236 0
492 -19.0 -20.308039874510285 0
493 -21.0 -20.314959475765182 0
494 -21.0 -20.321809881007532 0
495 -20.0 -20.318591782197455 0
496 -21.0 -20.32540586437548 0
497 -20.0 -20.322151805731725 0
498 -20.0 -20.318930287674405 0
499 -20.0 -20.31574098479766 2.8487791760909404
500 -20.0 -20.312583574949684 0
501 -21.0 -20.31945773920019 0
502 -21.0 -20.32626316180819 0
503 -21.0 -20.33300053019011 0
504 -19.0 -20.31967052488821 0
505 -21.0 -20.32647381963933 0
506 -20.0 -20.323209081442936 0
507 -21.0 -20.32997699062851 0
508 -20.0 -20.326677220722225 0
509 -21.0 -20.333410448515004 2.902245388241277
510 -21.0 -20.340076344029853 0
511 -20.0 -20.336675580589553 0
512 -18.0 -20.313308824783658 0
513 -21.0 -20.320175736535823 0
514 -20.0 -20.316973979170463 0
515 -19.0 -20.30380423937876 0
516 -19.0 -20.290766196984972 0
517 -20.0 -20.287858535015122 0
518 -20.0 -20.28497994966497 0
519 -20.0 -20.282130150168317 2.9482683628371595
520 -20.0 -20.279308848666634 0
521 -21.0 -20.28651576017997 0
522 -21.0 -20.29365060257817 0
523 -20.0 -20.29071409655239 0
524 -21.0 -20.297806955586864 0
525 -21.0 -20.304828886030997 0
526 -21.0 -20.31178059717069 0
527 -19.0 -20.298662791198982 0
528 -20.0 -20.29567616328699 0
529 -19.0 -20.282719401654123 2.955820866785783
530 -21.0 -20.289892207637582 0
531 -21.0 -20.296993285561207 0
532 -21.0 -20.304023352705595 0
533 -21.0 -20.31098311917854 0
534 -20.0 -20.307873287986755 0
535 -21.0 -20.31479455510689 0
536 -20.0 -20.31164660955582 0
537 -20.0 -20.30853014346026 0
538 -21.0 -20.31544484202566 0
539 -20.0 -20.3122903936054 3.0118999516177705
540 -21.0 -20.319167489669347 0
541 -20.0 -20.315975814772653 0
542 -21.0 -20.322816056624927 0
543 -20.0 -20.319587896058675 0
544 -19.0 -20.30639201709809 0
545 -21.0 -20.313328096927112 0
546 -21.0 -20.32019481595784 0
547 -21.0 -20.326992867798264 0
548 -21.0 -20.333722939120282 0
549 -21.0 -20.34038570972908 3.026576698487528
550 -20.0 -20.336981852631787 0
551 -21.0 -20.34361203410547 0
552 -21.0 -20.350175913764414 0
553 -20.0 -20.34667415462677 0
554 -18.0 -20.3232074130805 0
555 -21.0 -20.329975338949694 0
556 -21.0 -20.336675585560197 0
557 -20.0 -20.333308829704595 0
558 -20.0 -20.329975741407548 0
559 -20.0 -20.32667598399347 3.1901652655860264
560 -21.0 -20.333409224153538 0
561 -21.0 -20.340075131912002 0
562 -21.0 -20.346674380592884 0
563 -21.0 -20.353207636786955 0
564 -20.0 -20.349675560419083 0
565 -20.0 -20.34617880481489 0
566 -21.0 -20.352717016766743 0
567 -20.0 -20.349189846599074 0
568 -21.0 -20.355697948133084 0
569 -21.0 -20.362140968651754 3.2067908607898974
570 -21.0 -20.368519558965236 0
571 -21.0 -20.374834363375584 0
572 -21.0 -20.38108601974183 0
573 -21.0 -20.387275159544412 0
574 -20.0 -20.383402407948967 0
575 -21.0 -20.389568383869477 0
576 -21.0 -20.395672700030783 0
577 -20.0 -20.391715973030475 0
578 -21.0 -20.39779881330017 0
579 -21.0 -20.40382082516717 3.2083506803561304
580 -21.0 -20.4097826169155 0
581 -21.0 -20.415684790746347 0
582 -21.0 -20.421527942838885 0
583 -21.0 -20.427312663410497 0
584 -21.0 -20.43303953677639 0
585 -21.0 -20.438709141408626 0
586 -21.0 -20.44432204999454 0
587 -20.0 -20.439878829494592 0
588 -20.0 -20.435480041199646 0
589 -21.0 -20.44112524078765 3.408235505481262
590 -19.0 -20.426713988379774 0
591 -20.0 -20.422446848495976 0
592 -19.0 -20.40822238001102 0
593 -21.0 -20.41414015621091 0
594 -20.0 -20.4099987546488 0
595 -19.0 -20.395898767102313 0
596 -21.0 -20.40193977943129 0
597 -21.0 -20.40792038163698 0
598 -21.0 -20.41384117782061 0
599 -21.0 -20.419702766042406 3.420330021674025
600 -21.0 -20.425505738381982 0
601 -21.0 -20.431250680998165 0
602 -21.0 -20.436938174188185 0
603 -21.0 -20.442568792446306 0
604 -21.0 -20.448143104521844 0
605 -21.0 -20.453661673476624 0
606 -20.0 -20.449125056741856 0
607 -20.0 -20.444633806174437 0
608 -21.0 -20.450187468112695 0
609 -21.0 -20.455685593431568 3.4489691446338924
610 -21.0 -20.46112873749725 0
611 -21.0 -20.46651745012228 0
612 -21.0 -20.471852275621057 0
613 -21.0 -20.477133752864848 0
614 -21.0 -20.4823624153362 0
615 -21.0 -20.48753879118284 0
616 -21.0 -20.49266340327101 0
617 -21.0 -20.4977367692383 0
618 -21.0 -20.50275940154592 0
619 -19.0 -20.487731807530462 3.4441408522601518
620 -21.0 -20.49285448945516 0
621 -19.0 -20.477925944560607 0
622 -20.0 -20.473146685115 0
623 -21.0 -20.47841521826385 0
624 -21.0 -20.483631066081212 0
625 -21.0 -20.4887947554204 0
626 -21.0 -20.493906807866196 0
627 -21.0 -20.498967739787535 0
628 -21.0 -20.50397806238966 0
629 -18.0 -20.478938281765764 3.464977400471398
630 -19.0 -20.464148898948107 0
631 -21.0 -20.469507409958627 0
632 -21.0 -20.474812335859042 0
633 -21.0 -20.48006421250045 0
634 -21.0 -20.485263570375448 0
635 -21.0 -20.490410934671694 0
636 -20.0 -20.485506825324975 0
637 -20.0 -20.480651757071726 0
638 -21.0 -20.48584523950101 0
639 -18.0 -20.460986787106 3.4763767128564
640 -21.0 -20.46637691923494 0
641 -21.0 -20.47171315004259 0
642 -20.0 -20.46699601854216 0
643 -21.0 -20.472326058356742 0
644 -21.0 -20.477602797773176 0
645 -21.0 -20.482826769795444 0
646 -21.0 -20.48799850209749 0
647 -20.0 -20.483118517076512 0
648 -21.0 -20.48828733190575 0
649 -21.0 -20.493404458586692 3.488715505918849
650 -21.0 -20.498470414000828 0
651 -21.0 -20.50348570986082 0
652 -21.0 -20.508450852762213 0
653 -21.0 -20.51336634423459 0
654 -20.0 -20.508232680792243 0
655 -21.0 -20.513150353984322 0
656 -21.0 -20.51801885044448 0
657 -20.0 -20.512838661940034 0
658 -21.0 -20.517710275320635 0
659 -20.0 -20.512533172567426 3.495848030823836
660 -21.0 -20.517407840841752 0
661 -21.0 -20.522233762433334 0
662 -21.0 -20.527011424809 0
663 -21.0 -20.53174131056091 0
664 -20.0 -20.5264238974553 0
665 -21.0 -20.531159658480746 0
666 -20.0 -20.52584806189594 0
667 -20.0 -20.52058958127698 0
668 -21.0 -20.52538368546421 0
669 -21.0 -20.53012984860957 3.500791694353102
670 -21.0 -20.534828550123475 0
671 -19.0 -20.519480264622242 0
672 -19.0 -20.50428546197602 0
673 -21.0 -20.509242607356263 0
674 -21.0 -20.5141501812827 0
675 -17.0 -20.479008679469874 0
676 -21.0 -20.484218592675177 0
677 -20.0 -20.479376406748425 0
678 -21.0 -20.48458264268094 0
679 -20.0 -20.479736816254132 3.5352857870073833
680 -20.0 -20.47493944809159 0
681 -21.0 -20.480190053610674 0
682 -18.0 -20.455388153074566 0
683 -21.0 -20.46083427154382 0
684 -21.0 -20.466225928828383 0
685 -21.0 -20.4715636695401 0
686 -19.0 -20.4568480328447 0
687 -20.0 -20.452279552516252 0
688 -21.0 -20.457756756991092 0
689 -20.0 -20.45317918942118 3.536733258494692
690 -21.0 -20.45864739752697 0
691 -21.0 -20.464060923551703 0
692 -20.0 -20.459420314316183 0
693 -20.0 -20.45482611117302 0
694 -21.0 -20.460277850061292 0
695 -21.0 -20.46567507156068 0
696 -21.0 -20.471018320845072 0
697 -20.0 -20.46630813763662 0
698 -21.0 -20.471645056260254 0
699 -20.0 -20.46692860569765 3.567524822603
700 -19.0 -20.452259319640675 0
701 -21.0 -20.457736726444267 0
702 -20.0 -20.453159359179825 0
703 -19.0 -20.438627765588027 0
704 -21.0 -20.444241487932146 0
705 -21.0 -20.449799073052827 0
706 -21.0 -20.4553010823223 0
707 -21.0 -20.46074807149908 0
708 -21.0 -20.46614059078409 0
709 -21.0 -20.471479184876248 3.657307137069076
710 -21.0 -20.476764393027487 0
711 -21.0 -20.481996749097213 0
712 -21.0 -20.48717678160624 0
713 -21.0 -20.49230501379018 0
714 -21.0 -20.497381963652277 0
715 -21.0 -20.502408144015753 0
716 -19.0 -20.487384062575597 0
717 -21.0 -20.492510221949843 0
718 -20.0 -20.487585119730344 0
719 -21.0 -20.49270926853304 3.6651742797175437
720 -21.0 -20.49778217584771 0
721 -18.0 -20.472804354089234 0
722 -20.0 -20.46807631054834 0
723 -21.0 -20.47339554744286 0
724 -21.0 -20.478661591968432 0
725 -21.0 -20.48387497604875 0
726 -21.0 -20.489036226288263 0
727 -21.0 -20.49414586402538 0
728 -21.0 -20.49920440538513 0
729 -21.0 -20.504212361331277 3.6501652276194827
730 -21.0 -20.509170237717964 0
731 -21.0 -20.514078535340786 0
732 -21.0 -20.51893774998738 0
733 -21.0 -20.523748372487507 0
734 -21.0 -20.528510888762632 0
735 -21.0 -20.533225779875007 0
736 -20.0 -20.527893522076255 0
737 -21.0 -20.532614586855495 0
738 -20.0 -20.52728844098694 0
739 -21.0 -20.532015556577072 3.651589979061498
740 -21.0 -20.5366954010113 0
741 -21.0 -20.541328447001188 0
742 -21.0 -20.545915162531177 0
743 -21.0 -20.550456010905865 0
744 -21.0 -20.554951450796807 0
745 -20.0 -20.549401936288838 0
746 -21.0 -20.55390791692595 0
747 -21.0 -20.558368837756692 0
748 -21.0 -20.562785149379128 0
749 -21.0 -20.567157297885338 3.6616012685580723
750 -18.0 -20.541485724906483 0
751 -18.0 -20.51607086765742 0
752 -20.0 -20.510910158980845 0
753 -21.0 -20.515801057391037 0
754 -21.0 -20.520643046817128 0
755 -21.0 -20.52543661634896 0
756 -20.0 -20.520182250185467 0
757 -20.0 -20.51498042768361 0
758 -20.0 -20.509830623406774 0
759 -20.0 -20.504732317172707 3.701257872119661
760 -21.0 -20.50968499400098 0
761 -19.0 -20.494588144060973 0
762 -21.0 -20.499642262620362 0
763 -21.0 -20.504645839994158 0
764 -19.0 -20.489599381594218 0
765 -21.0 -20.494703387778276 0
766 -20.0 -20.489756353900493 0
767 -21.0 -20.494858790361487 0
768 -21.0 -20.499910202457873 0
769 -21.0 -20.504911100433294 3.7183923170545454
770 -18.0 -20.47986198942896 0
771 -18.0 -20.45506336953467 0
772 -21.0 -20.460512735839323 0
773 -20.0 -20.455907608480928 0
774 -19.0 -20.44134853239612 0
775 -21.0 -20.44693504707216 0
776 -20.0 -20.442465696601438 0
777 -21.0 -20.448041039635424 0
778 -21.0 -20.45356062923907 0
779 -19.0 -20.43902502294668 3.713151445750506
780 -21.0 -20.444634772717215 0
781 -19.0 -20.430188424990043 0
782 -21.0 -20.435886540740142 0
783 -21.0 -20.441527675332743 0
784 -21.0 -20.447112398579417 0
785 -21.0 -20.452641274593624 0
786 -21.0 -20.45811486184769 0
787 -18.0 -20.433533713229213 0
788 -20.0 -20.42919837609692 0
789 -21.0 -20.43490639233595 3.7286588405995147
790 -20.0 -20.43055732841259 0
791 -21.0 -20.436251755128463 0
792 -19.0 -20.42188923757718 0
793 -20.0 -20.417670345201408 0
794 -21.0 -20.423493641749396 0
795 -20.0 -20.419258705331902 0
796 -21.0 -20.425066118278583 0
797 -19.0 -20.410815457095797 0
798 -21.0 -20.41670730252484 0
799 -19.0 -20.402540229499593 3.720173642935642
800 -19.0 -20.3885148272046 0
801 -19.0 -20.374629678932553 0
802 -21.0 -20.380883382143228 0
803 -21.0 -20.387074548321795 0
804 -20.0 -20.383203802838576 0
805 -21.0 -20.389371764810193 0
806 -19.0 -20.37547804716209 0
807 -20.0 -20.37172326669047 0
808 -20.0 -20.368006034023566 0
809 -20.0 -20.36432597368333 3.7299464982776898
810 -21.0 -20.370682713946497 0
811 -21.0 -20.37697588680703 0
812 -20.0 -20.37320612793896 0
813 -19.0 -20.359474066659573 0
814 -21.0 -20.365879325992978 0
815 -21.0 -20.37222053273305 0
816 -21.0 -20.37849832740572 0
817 -20.0 -20.37471334413166 0
818 -21.0 -20.380966210690342 0
819 -21.0 -20.38715654858344 3.783658406354371
820 -21.0 -20.393284983097608 0
821 -20.0 -20.38935213326663 0
822 -21.0 -20.395458611933964 0
823 -20.0 -20.391504025814623 0
824 -20.0 -20.387588985556476 0
825 -21.0 -20.393713095700914 0
826 -20.0 -20.389775964743905 0
827 -21.0 -20.395878205096466 0
828 -21.0 -20.401919423045502 0
829 -21.0 -20.40790022881505 3.850730089534029
830 -21.0 -20.4138212265269 0
831 -19.0 -20.39968301426163 0
832 -19.0 -20.385686184119013 0
833 -21.0 -20.391829322277825 0
834 -21.0 -20.39791102905505 0
835 -21.0 -20.4039319187645 0
836 -21.0 -20.409892599576853 0
837 -18.0 -20.385793673581084 0
838 -21.0 -20.391935736845273 0
839 -21.0 -20.39801637947682 3.8419699345766634
840 -21.0 -20.404036215682055 0
841 -21.0 -20.409995853525235 0
842 -20.0 -20.405895894989982 0
843 -21.0 -20.411836936040082 0
844 -21.0 -20.41771856667968 0
845 -19.0 -20.403541381012886 0
846 -21.0 -20.409505967202758 0
847 -20.0 -20.40541090753073 0
848 -20.0 -20.40135679845542 0
849 -21.0 -20.407343230470868 3.8518997563865613
850 -21.0 -20.41326979816616 0
851 -21.0 -20.419137100184496 0
852 -20.0 -20.41494572918265 0
853 -20.0 -20.410796271890824 0
854 -19.0 -20.396688309171918 0
855 -21.0 -20.4027214260802 0
856 -21.0 -20.408694211819398 0
857 -21.0 -20.414607269701204 0
858 -21.0 -20.420461197004194 0
859 -21.0 -20.426256585034153 3.8560693008063454
860 -20.0 -20.42199401918381 0
861 -21.0 -20.427774078991973 0
862 -21.0 -20.433496338202055 0
863 -18.0 -20.409161374820034 0
864 -19.0 -20.395069761071834 0
865 -21.0 -20.401119063461117 0
866 -20.0 -20.397107872826506 0
867 -17.0 -20.363136794098242 0
868 -21.0 -20.36950542615726 0
869 -20.0 -20.365810371895687 3.8620915745788076
870 -21.0 -20.37215226817673 0
871 -21.0 -20.378430745494963 0
872 -20.0 -20.374646438040013 0
873 -19.0 -20.360899973659613 0
874 -20.0 -20.357290973923018 0
875 -21.0 -20.36371806418379 0
876 -21.0 -20.370080883541952 0
877 -18.0 -20.34638007470653 0
878 -19.0 -20.332916273959466 0
879 -21.0 -20.33958711121987 3.866552748365038
880 -20.0 -20.33619124010767 0
881 -21.0 -20.342829327706593 0
882 -21.0 -20.349401034429526 0
883 -20.0 -20.34590702408523 0
884 -19.0 -20.332447953844376 0
885 -21.0 -20.339123474305932 0
886 -19.0 -20.325732239562875 0
887 -19.0 -20.312474917167247 0
888 -21.0 -20.319350167995577 0
889 -21.0 -20.326156666315622 3.896692941522941
890 -21.0 -20.332895099652468 0
891 -20.0 -20.329566148655942 0
892 -21.0 -20.336270487169383 0
893 -20.0 -20.33290778229769 0
894 -20.0 -20.32957870447471 0
895 -21.0 -20.336282917429962 0
896 -20.0 -20.332920088255662 0
897 -21.0 -20.339590887373106 0
898 -20.0 -20.336194978499375 0
899 -21.0 -20.34283302871438 3.916656325187406
900 -21.0 -20.34940469842724 0
901 -20.0 -20.345910651442967 0
902 -21.0 -20.352451544928538 0
903 -21.0 -20.358927029479254 0
904 -20.0 -20.35533775918446 0
905 -20.0 -20.351784381592616 0
906 -21.0 -20.35826653777669 0
907 -19.0 -20.344683872398925 0
908 -21.0 -20.351237033674934 0
909 -20.0 -20.347724663338184 3.9659698797610323
910 -20.0 -20.3442474167048 0
911 -19.0 -20.330804942537753 0
912 -21.0 -20.337496893112377 0
913 -21.0 -20.344121924181252 0
914 -21.0 -20.35068070493944 0
915 -20.0 -20.347173897890045 0
916 -21.0 -20.353702158911144 0
917 -21.0 -20.360165137322035 0
918 -20.0 -20.356563485948815 0
919 -21.0 -20.36299785108933 3.982523763021554
920 -20.0 -20.359367872578435 0
921 -21.0 -20.36577419385265 0
922 -20.0 -20.362116451914122 0
923 -21.0 -20.368495287394982 0
924 -20.0 -20.36481033452103 0
925 -21.0 -20.371162231175823 0
926 -21.0 -20.377450608864066 0
927 -20.0 -20.373676102775423 0
928 -21.0 -20.37993934174767 0
929 -20.0 -20.37613994833019 3.982230244287854
930 -21.0 -20.38237854884689 0
931 -21.0 -20.38855476335842 0
932 -19.0 -20.374669215724836 0
933 -21.0 -20.380922523567587 0
934 -21.0 -20.38711329833191 0
935 -21.0 -20.393242165348592 0
936 -20.0 -20.389309743695105 0
937 -21.0 -20.395416646258155 0
938 -21.0 -20.401462479795576 0
939 -21.0 -20.40744785499762 3.9993582848805174
940 -20.0 -20.403373376447643 0
941 -18.0 -20.379339642683167 0
942 -18.0 -20.355546246256335 0
943 -21.0 -20.36199078379377 0
944 -21.0 -20.368370875955836 0
945 -21.0 -20.374687167196278 0
946 -20.0 -20.370940295524314 0
947 -21.0 -20.37723089256907 0
948 -21.0 -20.38345858364338 0
949 -20.0 -20.37962399780695 4.010345893042016
950 -21.0 -20.38582775782888 0
951 -20.0 -20.381969480250593 0
952 -21.0 -20.38814978544809 0
953 -21.0 -20.394268287593608 0
954 -21.0 -20.400325604717672 0
955 -21.0 -20.406322348670496 0
956 -19.0 -20.39225912518379 0
957 -20.0 -20.388336533931952 0
958 -19.0 -20.374453168592634 0
959 -20.0 -20.370708636906706 4.0596972330222565
960 -21.0 -20.37700155053764 0
961 -21.0 -20.383231535032262 0
962 -19.0 -20.36939921968194 0
963 -21.0 -20.375705227485124 0
964 -21.0 -20.381948175210272 0
965 -21.0 -20.38812869345817 0
966 -21.0 -20.39424740652359 0
967 -19.0 -20.380304932458355 0
968 -20.0 -20.37650188313377 0
969 -20.0 -20.372736864302432 4.144590934639573
970 -19.0 -20.359009495659407 0
971 -21.0 -20.365419400702812 0
972 -19.0 -20.351765206695784 0
973 -19.0 -20.33824755462883 0
974 -20.0 -20.33486507908254 0
975 -21.0 -20.341516428291715 0
976 -20.0 -20.3381012640088 0
977 -20.0 -20.33472025136871 0
978 -20.0 -20.331373048855024 0
979 -19.0 -20.318059318366476 4.158045686364201
980 -20.0 -20.314878725182812 0
981 -20.0 -20.311729937930984 0
982 -21.0 -20.318612638551674 0
983 -21.0 -20.325426512166157 0
984 -20.0 -20.322172247044495 0
985 -21.0 -20.32895052457405 0
986 -21.0 -20.33566101932831 0
987 -20.0 -20.332304409135027 0
988 -20.0 -20.328981365043674 0
989 -21.0 -20.33569155139324 4.172753678030955
990 -21.0 -20.342334635879308 0
991 -21.0 -20.348911289520515 0
992 -20.0 -20.34542217662531 0
993 -20.0 -20.341967954859054 0
994 -21.0 -20.348548275310463 0
995 -20.0 -20.345062792557357 0
996 -21.0 -20.351612164631785 0
997 -20.0 -20.348096042985468 0
998 -21.0 -20.354615082555615 0
999 -21.0 -20.36106893173006 4.197521694160236
1000 -21.0 -20.36745824241276 0
1001 -21.0 -20.373783659988632 0
1002 -19.0 -20.36004582338875 0
1003 -21.0 -20.366445365154863 0
1004 -20.0 -20.362780911503314 0
1005 -21.0 -20.36915310238828 0
1006 -20.0 -20.3654615713644 0
1007 -21.0 -20.371806955650754 0
1008 -20.0 -20.368088886094245 0
1009 -21.0 -20.374407997233302 4.247390453911677
1010 -21.0 -20.380663917260968 0
1011 -20.0 -20.37685727808836 0
1012 -21.0 -20.383088705307475 0
1013 -21.0 -20.3892578182544 0
1014 -21.0 -20.395365240071857 0
1015 -21.0 -20.401411587671138 0
1016 -21.0 -20.40739747179443 0
1017 -21.0 -20.413323497076487 0
1018 -19.0 -20.399190262105723 0
1019 -19.0 -20.385198359484665 4.239059345633896
1020 -21.0 -20.391346375889817 0
1021 -21.0 -20.39743291213092 0
1022 -19.0 -20.383458583009613 0
1023 -21.0 -20.389623997179516 0
1024 -19.0 -20.375727757207724 0
1025 -19.0 -20.361970479635648 0
1026 -20.0 -20.35835077483929 0
1027 -20.0 -20.354767267090896 0
1028 -20.0 -20.351219594419987 0
1029 -20.0 -20.347707398475787 4.239874183486264
1030 -21.0 -20.35423032449103 0
1031 -19.0 -20.340688021246123 0
1032 -21.0 -20.347281141033662 0
1033 -21.0 -20.353808329623327 0
1034 -20.0 -20.350270246327092 0
1035 -21.0 -20.35676754386382 0
1036 -20.0 -20.353199868425182 0
1037 -21.0 -20.35966786974093 0
1038 -20.0 -20.356071191043522 0
1039 -20.0 -20.352510479133088 4.241569727192722
1040 -20.0 -20.348985374341755 0
1041 -21.0 -20.35549552059834 0
1042 -21.0 -20.361940565392356 0
1043 -20.0 -20.35832115973843 0
1044 -19.0 -20.34473794814105 0
1045 -21.0 -20.35129056865964 0
1046 -20.0 -20.34777766297304 0
1047 -21.0 -20.354299886343313 0
1048 -21.0 -20.36075688747988 0
1049 -21.0 -20.367149318605083 4.268229197784764
1050 -21.0 -20.373477825419034 0
1051 -20.0 -20.369743047164842 0
1052 -21.0 -20.376045616693194 0
1053 -20.0 -20.37228516052626 0
1054 -21.0 -20.378562308920998 0
1055 -21.0 -20.38477668583179 0
1056 -21.0 -20.390928918973472 0
1057 -21.0 -20.39701962978374 0
1058 -21.0 -20.4030494334859 0
1059 -21.0 -20.409018939151043 4.29148962108139
1060 -20.0 -20.40492874975953 0
1061 -21.0 -20.410879462261935 0
1062 -20.0 -20.406770667639314 0
1063 -19.0 -20.39270296096292 0
1064 -21.0 -20.398775931353292 0
1065 -21.0 -20.40478817203976 0
1066 -21.0 -20.41074029031936 0
1067 -20.0 -20.406632887416166 0
1068 -20.0 -20.402566558542002 0
1069 -20.0 -20.398540892956582 4.303933830696019
1070 -21.0 -20.404555484027018 0
1071 -19.0 -20.39050992918675 0
1072 -20.0 -20.386604829894882 0
1073 -21.0 -20.392738781595934 0
1074 -21.0 -20.398811393779976 0
1075 -21.0 -20.404823279842176 0
1076 -21.0 -20.410775047043757 0
1077 -20.0 -20.406667296573318 0
1078 -21.0 -20.412600623607585 0
1079 -19.0 -20.39847461737151 4.295117119739995
1080 -20.0 -20.39448987119779 0
1081 -17.0 -20.360544972485815 0
1082 -21.0 -20.36693952276096 0
1083 -20.0 -20.363270127533347 0
1084 -21.0 -20.369637426258013 0
1085 -20.0 -20.36594105199543 0
1086 -21.0 -20.372281641475478 0
1087 -21.0 -20.378558825060725 0
1088 -21.0 -20.38477323681012 0
1089 -21.0 -20.39092550444202 4.326415439058713
1090 -21.0 -20.397016249397602 0
1091 -21.0 -20.403046086903625 0
1092 -20.0 -20.39901562603459 0
1093 -19.0 -20.385025469774245 0
1094 -21.0 -20.391175215076505 0
1095 -21.0 -20.39726346292574 0
1096 -21.0 -20.403290828296484 0
1097 -19.0 -20.38925792001352 0
1098 -21.0 -20.395365340813385 0
1099 -20.0 -20.39141168740525 4.382276827436996
1100 -21.0 -20.397497570531197 0
1101 -21.0 -20.403522594825887 0
1102 -21.0 -20.409487368877627 0
1103 -21.0 -20.41539249518885 0
1104 -21.0 -20.421238570236962 0
1105 -20.0 -20.417026184534592 0
1106 -18.0 -20.392855922689247 0
1107 -20.0 -20.388927363462354 0
1108 -21.0 -20.395038089827732 0
1109 -19.0 -20.381087708929456 4.381009357635399
1110 -20.0 -20.37727683184016 0
1111 -21.0 -20.38350406352176 0
1112 -21.0 -20.38966902288654 0
1113 -21.0 -20.395772332657675 0
1114 -21.0 -20.401814609331097 0
1115 -21.0 -20.407796463237787 0
1116 -20.0 -20.403718498605407 0
1117 -21.0 -20.409681313619355 0
1118 -20.0 -20.40558450048316 0
1119 -21.0 -20.41152865547833 4.370691522643206
1120 -20.0 -20.407413368923546 0
1121 -21.0 -20.41333923523431 0
1122 -21.0 -20.41920584288197 0
1123 -21.0 -20.42501378445315 0
1124 -21.0 -20.430763646608618 0
1125 -21.0 -20.436456010142532 0
1126 -21.0 -20.442091450041108 0
1127 -21.0 -20.4476705355407 0
1128 -19.0 -20.433193830185292 0
1129 -21.0 -20.43886189188344 4.423345724043954
1130 -21.0 -20.444473272964608 0
1131 -21.0 -20.450028540234964 0
1132 -21.0 -20.455528254832615 0
1133 -21.0 -20.46097297228429 0
1134 -19.0 -20.446363242561446 0
1135 -21.0 -20.451899610135833 0
1136 -20.0 -20.447380614034472 0
1137 -21.0 -20.452906807894127 0
1138 -20.0 -20.448377739815186 0
1139 -21.0 -20.453893962417034 4.415206333781284
1140 -21.0 -20.459355022792863 0
1141 -21.0 -20.464761472564934 0
1142 -21.0 -20.470113857839284 0
1143 -21.0 -20.47541271926089 0
1144 -21.0 -20.480658592068284 0
1145 -20.0 -20.4758520061476 0
1146 -19.0 -20.461093486086128 0
1147 -21.0 -20.466482551225265 0
1148 -19.0 -20.451817725713013 0
1149 -21.0 -20.457299548455882 4.446419804922185
1150 -21.0 -20.462726552971326 0
1151 -21.0 -20.468099287441614 0
1152 -21.0 -20.4734182945672 0
1153 -21.0 -20.47868411162153 0
1154 -21.0 -20.483897270505313 0
1155 -19.0 -20.46905829780026 0
1156 -21.0 -20.474367714822257 0
1157 -20.0 -20.469624037674034 0
1158 -19.0 -20.454927797297294 0
1159 -21.0 -20.460378519324323 4.50135298461857
1160 -21.0 -20.46577473413108 0
1161 -21.0 -20.47111698678977 0
1162 -20.0 -20.46640581692187 0
1163 -21.0 -20.471741758752653 0
1164 -20.0 -20.467024341165125 0
1165 -21.0 -20.472354097753474 0
1166 -21.0 -20.47763055677594 0
1167 -20.0 -20.47285425120818 0
1168 -20.0 -20.468125708696096 0
1169 -21.0 -20.473444451609137 4.533049734419821
1170 -21.0 -20.478710007093046 0
1171 -21.0 -20.483922907022116 0
1172 -20.0 -20.479083677951895 0
1173 -20.0 -20.474292841172375 0
1174 -19.0 -20.45954991276065 0
1175 -21.0 -20.464954413633045 0
1176 -20.0 -20.460304869496714 0
1177 -19.0 -20.445701820801748 0
1178 -21.0 -20.45124480259373 0
1179 -21.0 -20.456732354567794 4.546853535319111
1180 -21.0 -20.462165031022117 0
1181 -20.0 -20.457543380711893 0
1182 -21.0 -20.462967946904776 0
1183 -21.0 -20.46833826743573 0
1184 -21.0 -20.473654884761373 0
1185 -21.0 -20.47891833591376 0
1186 -21.0 -20.484129152554623 0
1187 -21.0 -20.489287861029077 0
1188 -20.0 -20.484394982418785 0
1189 -21.0 -20.489551032594598 4.551700870001833
1190 -20.0 -20.48465552226865 0
1191 -21.0 -20.489808967045963 0
1192 -20.0 -20.4849108773755 0
1193 -21.0 -20.49006176860175 0
1194 -21.0 -20.49516115091573 0
1195 -20.0 -20.49020953940657 0
1196 -21.0 -20.495307444012507 0
1197 -19.0 -20.48035436957238 0
1198 -20.0 -20.475550825876656 0
1199 -21.0 -20.48079531761789 4.586051357225877
1200 -21.0 -20.485987364441712 0
1201 -21.0 -20.491127490797297 0
1202 -20.0 -20.48621621588932 0
1203 -21.0 -20.49135405373043 0
1204 -20.0 -20.486440513193124 0
1205 -21.0 -20.491576108061192 0
1206 -21.0 -20.49666034698058 0
1207 -20.0 -20.491693743510773 0
1208 -21.0 -20.496776806075665 0
1209 -20.0 -20.491809038014907 4.579648587620641
1210 -21.0 -20.496890947634757 0
1211 -20.0 -20.491922038158407 0
1212 -21.0 -20.497002817776824 0
1213 -20.0 -20.492032789599055 0
1214 -21.0 -20.497112461703065 0
1215 -21.0 -20.502141337086034 0
1216 -21.0 -20.507119923715173 0
1217 -20.0 -20.50204872447802 0
1218 -20.0 -20.497028237233238 0
1219 -21.0 -20.502057954860906 4.590358362377687
1220 -20.0 -20.497037375312296 0
1221 -21.0 -20.502067001559173 0
1222 -21.0 -20.50704633154358 0
1223 -21.0 -20.511975868228145 0
1224 -21.0 -20.516856109545863 0
1225 -20.0 -20.511687548450404 0
1226 -21.0 -20.5165706729659 0
1227 -19.0 -20.501404966236244 0
1228 -21.0 -20.50639091657388 0
1229 -21.0 -20.511327007408145 4.5933431750209115
1230 -21.0 -20.516213737334063 0
1231 -21.0 -20.52105159996072 0
1232 -21.0 -20.525841083961115 0
1233 -21.0 -20.530582673121504 0
1234 -21.0 -20.53527684639029 0
1235 -21.0 -20.539924077926386 0
1236 -19.0 -20.524524837147123 0
1237 -21.0 -20.52927958877565 0
1238 -20.0 -20.523986792887893 0
1239 -20.0 -20.518746924959014 4.585027875233212
1240 -21.0 -20.523559455709425 0
1241 -19.0 -20.50832386115233 0
1242 -20.0 -20.503240622540808 0
1243 -20.0 -20.498208216315398 0
1244 -21.0 -20.503226134152243 0
1245 -21.0 -20.508193872810722 0
1246 -20.0 -20.503111934082614 0
1247 -21.0 -20.50808081474179 0
1248 -19.0 -20.49300000659437 0
1249 -21.0 -20.49807000652843 4.611220719330671
1250 -21.0 -20.503089306463146 0
1251 -20.0 -20.498058413398514 0
1252 -20.0 -20.49307782926453 0
1253 -21.0 -20.498147050971884 0
1254 -20.0 -20.493165580462165 0
1255 -20.0 -20.488233924657543 0
1256 -20.0 -20.483351585410965 0
1257 -21.0 -20.488518069556857 0
1258 -20.0 -20.483632888861287 0
1259 -21.0 -20.488796559972673 4.628450958088316
1260 -21.0 -20.493908594372947 0
1261 -21.0 -20.49896950842922 0
1262 -21.0 -20.503979813344927 0
1263 -20.0 -20.498940015211478 0
1264 -21.0 -20.503950615059363 0
1265 -21.0 -20.50891110890877 0
1266 -21.0 -20.513821997819683 0
1267 -21.0 -20.51868377784149 0
1268 -21.0 -20.523496940063072 0
1269 -21.0 -20.52826197066244 4.611375593514432
1270 -21.0 -20.532979350955816 0
1271 -20.0 -20.527649557446257 0
1272 -21.0 -20.532373061871795 0
1273 -20.0 -20.527049331253075 0
1274 -21.0 -20.531778837940543 0
1275 -21.0 -20.536461049561137 0
1276 -20.0 -20.531096439065525 0
1277 -20.0 -20.52578547467487 0
1278 -21.0 -20.530527619928122 0
1279 -21.0 -20.53522234372884 4.608937894310569
1280 -18.0 -20.509870120291552 0
1281 -18.0 -20.484771419088638 0
1282 -21.0 -20.489923704897752 0
1283 -21.0 -20.495024467848776 0
1284 -21.0 -20.500074223170287 0
1285 -20.0 -20.495073480938583 0
1286 -21.0 -20.500122746129197 0
1287 -20.0 -20.495121518667904 0
1288 -18.0 -20.470170303481225 0
1289 -21.0 -20.475468600446415 4.6317743453178135
1290 -21.0 -20.480713914441953 0
1291 -21.0 -20.485906775297533 0
1292 -21.0 -20.49104770754456 0
1293 -21.0 -20.496137230469113 0
1294 -20.0 -20.49117585816442 0
1295 -21.0 -20.496264099582778 0
1296 -21.0 -20.50130145858695 0
1297 -21.0 -20.506288444001083 0
1298 -21.0 -20.511225559561073 0
1299 -20.0 -20.50611330396546 4.646695406652254
1300 -21.0 -20.511052170925804 0
1301 -21.0 -20.515941649216547 0
1302 -20.0 -20.51078223272438 0
1303 -20.0 -20.505674410397138 0
1304 -21.0 -20.510617666293168 0
1305 -20.0 -20.505511489630237 0
1306 -21.0 -20.510456374733934 0
1307 -21.0 -20.515351810986594 0
1308 -21.0 -20.520198292876728 0
1309 -20.0 -20.51499630994796 4.651757966037111
1310 -20.0 -20.50984634684848 0
1311 -21.0 -20.514747883379997 0
1312 -21.0 -20.519600404546196 0
1313 -21.0 -20.524404400500735 0
1314 -21.0 -20.52916035649573 0
1315 -20.0 -20.52386875293077 0
1316 -20.0 -20.51863006540146 0
1317 -21.0 -20.523443764747448 0
1318 -21.0 -20.528209327099972 0
1319 -21.0 -20.532927233828975 4.636488199130659
1320 -21.0 -20.537597961490686 0
1321 -20.0 -20.53222198187578 0
1322 -20.0 -20.52689976205702 0
1323 -21.0 -20.53163076443645 0
1324 -21.0 -20.536314456792088 0
1325 -21.0 -20.540951312224166 0
1326 -21.0 -20.545541799101926 0
1327 -21.0 -20.55008638111091 0
1328 -21.0 -20.5545855172998 0
1329 -21.0 -20.5590396621268 4.627786020575962
1330 -21.0 -20.563449265505533 0
1331 -21.0 -20.56781477285048 0
1332 -21.0 -20.572136625121974 0
1333 -18.0 -20.546415258870756 0
1334 -19.0 -20.53095110628205 0
1335 -20.0 -20.525641595219227 0
1336 -21.0 -20.530385179267036 0
1337 -21.0 -20.535081327474366 0
1338 -19.0 -20.519730514199622 0
1339 -20.0 -20.514533209057625 4.650225405322726
1340 -19.0 -20.49938787696705 0
1341 -21.0 -20.50439399819738 0
1342 -20.0 -20.499350058215406 0
1343 -21.0 -20.50435655763325 0
1344 -19.0 -20.48931299205692 0
1345 -21.0 -20.49441986213635 0
1346 -21.0 -20.49947566351499 0
1347 -20.0 -20.49448090687984 0
1348 -19.0 -20.479536097811042 0
1349 -20.0 -20.47474073683293 4.663679985220868
1350 -21.0 -20.4799933294646 0
1351 -20.0 -20.475193396169956 0
1352 -20.0 -20.470441462208257 0
1353 -21.0 -20.475737047586176 0
1354 -21.0 -20.480979677110316 0
1355 -20.0 -20.47616988033921 0
1356 -21.0 -20.48140818153582 0
1357 -21.0 -20.486594099720463 0
1358 -20.0 -20.481728158723257 0
1359 -20.0 -20.476910877136024 4.659289126827317
1360 -21.0 -20.482141768364666 0
1361 -21.0 -20.48732035068102 0
1362 -21.0 -20.49244714717421 0
1363 -19.0 -20.47752267570247 0
1364 -20.0 -20.472747448945444 0
1365 -21.0 -20.47801997445599 0
1366 -21.0 -20.48323977471143 0
1367 -21.0 -20.488407376964314 0
1368 -21.0 -20.49352330319467 0
1369 -21.0 -20.498588070162725 4.672190793058373
1370 -20.0 -20.493602189461097 0
1371 -20.0 -20.488666167566485 0
1372 -21.0 -20.49377950589082 0
1373 -20.0 -20.488841710831913 0
1374 -21.0 -20.493953293723596 0
1375 -21.0 -20.49901376078636 0
1376 -20.0 -20.494023623178496 0
1377 -21.0 -20.49908338694671 0
1378 -20.0 -20.494092553077245 0
1379 -20.0 -20.48915162754647 4.776328336757648
1380 -20.0 -20.484260111271006 0
1381 -21.0 -20.489417510158297 0
1382 -20.0 -20.484523335056714 0
1383 -19.0 -20.469678101706148 0
1384 -20.0 -20.464981320689084 0
1385 -21.0 -20.470331507482193 0
1386 -21.0 -20.47562819240737 0
1387 -21.0 -20.480871910483298 0
1388 -21.0 -20.486063191378467 0
1389 -20.0 -20.48120255946468 4.762044012783059
1390 -21.0 -20.486390533870033 0
1391 -21.0 -20.491526628531332 0
1392 -21.0 -20.49661136224602 0
1393 -21.0 -20.50164524862356 0
1394 -18.0 -20.476628796137323 0
1395 -21.0 -20.48186250817595 0
1396 -19.0 -20.467043883094192 0
1397 -21.0 -20.47237344426325 0
1398 -21.0 -20.477649709820618 0
1399 -21.0 -20.482873212722414 4.75877894376641
1400 -20.0 -20.478044480595187 0
1401 -20.0 -20.473264035789235 0
1402 -20.0 -20.46853139543134 0
1403 -21.0 -20.473846081477028 0
1404 -21.0 -20.47910762066226 0
1405 -21.0 -20.484316544455638 0
1406 -20.0 -20.47947337901108 0
1407 -21.0 -20.48467864522097 0
1408 -20.0 -20.47983185876876 0
1409 -21.0 -20.48503354018107 4.771959422246958
1410 -21.0 -20.49018320477926 0
1411 -20.0 -20.485281372731468 0
1412 -20.0 -20.480428559004153 0
1413 -19.0 -20.46562427341411 0
1414 -20.0 -20.460968030679968 0
1415 -21.0 -20.46635835037317 0
1416 -19.0 -20.45169476686944 0
1417 -21.0 -20.457177819200748 0
1418 -17.0 -20.42260604100874 0
1419 -20.0 -20.418379980598655 4.822889216802229
1420 -20.0 -20.41419618079267 0
1421 -21.0 -20.420054218984742 0
1422 -21.0 -20.425853676794894 0
1423 -20.0 -20.421595140026945 0
1424 -21.0 -20.427379188626677 0
1425 -21.0 -20.433105396740412 0
1426 -21.0 -20.43877434277301 0
1427 -18.0 -20.414386599345278 0
1428 -21.0 -20.420242733351827 0
1429 -21.0 -20.426040306018308 4.846872831203167
1430 -20.0 -20.421779902958125 0
1431 -21.0 -20.427562103928544 0
1432 -21.0 -20.433286482889258 0
1433 -20.0 -20.428953618060365 0
1434 -21.0 -20.434664081879763 0
1435 -21.0 -20.440317441060966 0
1436 -21.0 -20.445914266650355 0
1437 -21.0 -20.451455123983852 0
1438 -21.0 -20.456940572744013 0
1439 -21.0 -20.462371167016574 4.82738368989855
1440 -21.0 -20.46774745534641 0
1441 -21.0 -20.473069980792946 0
1442 -19.0 -20.45833928098502 0
1443 -20.0 -20.453755888175166 0
1444 -20.0 -20.449218329293412 0
1445 -21.0 -20.45472614600048 0
1446 -21.0 -20.460178884540476 0
1447 -19.0 -20.44557709569507 0
1448 -21.0 -20.45112132473812 0
1449 -20.0 -20.446610111490738 4.8201448617516505
1450 -21.0 -20.452144010375832 0
1451 -20.0 -20.447622570272074 0
1452 -19.0 -20.433146344569355 0
1453 -21.0 -20.438814881123662 0
1454 -21.0 -20.444426732312426 0
1455 -21.0 -20.4499824649893 0
1456 -21.0 -20.455482640339408 0
1457 -20.0 -20.450927813936012 0
1458 -21.0 -20.45641853579665 0
1459 -19.0 -20.441854350438685 4.850955314428517
1460 -21.0 -20.447435806934298 0
1461 -21.0 -20.452961448864954 0
1462 -21.0 -20.458431834376306 0
1463 -21.0 -20.463847516032544 0
1464 -19.0 -20.44920904087222 0
1465 -21.0 -20.4547169504635 0
1466 -20.0 -20.450169780958863 0
1467 -21.0 -20.455668083149273 0
1468 -21.0 -20.46111140231778 0
1469 -21.0 -20.466500288294604 4.849171362176146
1470 -21.0 -20.471835285411657 0
1471 -21.0 -20.477116932557543 0
1472 -20.0 -20.472345763231967 0
1473 -20.0 -20.467622305599647 0
1474 -21.0 -20.47294608254365 0
1475 -21.0 -20.478216621718214 0
1476 -21.0 -20.483434455501033 0
1477 -19.0 -20.468600110946024 0
1478 -19.0 -20.453914109836564 0
1479 -21.0 -20.4593749687382 4.835881698158243
1480 -21.0 -20.464781219050817 0
1481 -21.0 -20.47013340686031 0
1482 -18.0 -20.445432072791707 0
1483 -21.0 -20.45097775206379 0
1484 -21.0 -20.456467974543152 0
1485 -21.0 -20.46190329479772 0
1486 -21.0 -20.467284261849745 0
1487 -21.0 -20.47261141923125 0
1488 -21.0 -20.47788530503894 0
1489 -21.0 -20.48310645198855 4.809099496028979
1490 -21.0 -20.488275387468665 0
1491 -21.0 -20.493392633593977 0
1492 -20.0 -20.488458707258037 0
1493 -21.0 -20.493574120185457 0
1494 -21.0 -20.498638378983603 0
1495 -21.0 -20.503651995193767 0
1496 -21.0 -20.50861547524183 0
1497 -20.0 -20.50352932048941 0
1498 -21.0 -20.508494027284517 0
1499 -20.0 -20.503409087011672 4.795895151807076
1500 -21.0 -20.508374996141555 0
1501 -21.0 -20.51329124618014 0
1502 -21.0 -20.51815833371834 0
1503 -21.0 -20.522976750381158 0
1504 -21.0 -20.527746982877346 0
1505 -21.0 -20.532469513048575 0
1506 -21.0 -20.53714481791809 0
1507 -21.0 -20.54177336973891 0
1508 -21.0 -20.546355636041522 0
1509 -20.0 -20.540892079681107 4.8304637186491
1510 -20.0 -20.535483158884297 0
1511 -21.0 -20.540128327295456 0
1512 -21.0 -20.5447270440225 0
1513 -21.0 -20.549279773582278 0
1514 -20.0 -20.543786975846455 0
1515 -21.0 -20.54834910608799 0
1516 -20.0 -20.542865615027107 0
1517 -21.0 -20.547436958876837 0
1518 -21.0 -20.55196258928807 0
1519 -21.0 -20.55644296339519 4.90506700938708
1520 -21.0 -20.56087853376124 0
1521 -21.0 -20.565269748423628 0
1522 -21.0 -20.569617050939392 0
1523 -20.0 -20.563920880429997 0
1524 -20.0 -20.558281671625696 0
1525 -21.0 -20.56269885490944 0
1526 -21.0 -20.567071866360344 0
1527 -19.0 -20.55140114769674 0
1528 -21.0 -20.555887136219773 0
1529 -20.0 -20.550328264857576 4.924553878204789
1530 -19.0 -20.534824982209003 0
1531 -20.0 -20.52947673238691 0
1532 -20.0 -20.52418196506304 0
1533 -18.0 -20.49894014541241 0
1534 -21.0 -20.503950743958285 0
1535 -19.0 -20.488911236518703 0
1536 -20.0 -20.484022124153515 0
1537 -20.0 -20.47918190291198 0
1538 -21.0 -20.48439008388286 0
1539 -21.0 -20.489546183044034 4.9058478233982035
1540 -20.0 -20.484650721213594 0
1541 -20.0 -20.479804214001458 0
1542 -20.0 -20.47500617186144 0
1543 -20.0 -20.470256110142827 0
1544 -21.0 -20.4755535490414 0
1545 -20.0 -20.470798013550986 0
1546 -21.0 -20.476090033415478 0
1547 -19.0 -20.461329133081325 0
1548 -18.0 -20.436715841750512 0
1549 -21.0 -20.44234868333301 4.913476809108174
1550 -21.0 -20.44792519649968 0
1551 -20.0 -20.44344594453468 0
1552 -21.0 -20.449011485089333 0
1553 -21.0 -20.45452137023844 0
1554 -21.0 -20.459976156536055 0
1555 -19.0 -20.445376394970694 0
1556 -21.0 -20.450922631020987 0
1557 -21.0 -20.456413404710776 0
1558 -20.0 -20.45184927066367 0
1559 -21.0 -20.457330777957033 4.907239548087898
1560 -21.0 -20.462757470177465 0
1561 -21.0 -20.46812989547569 0
1562 -21.0 -20.473448596520935 0
1563 -20.0 -20.468714110555727 0
1564 -21.0 -20.47402696945017 0
1565 -21.0 -20.47928669975567 0
1566 -21.0 -20.484493832758112 0
1567 -21.0 -20.48964889443053 0
1568 -21.0 -20.494752405486224 0
1569 -21.0 -20.499804881431363 4.906890382018227
1570 -21.0 -20.50480683261705 0
1571 -20.0 -20.499758764290878 0
1572 -21.0 -20.50476117664797 0
1573 -21.0 -20.50971356488149 0
1574 -21.0 -20.514616429232678 0
1575 -21.0 -20.519470264940352 0
1576 -21.0 -20.52427556229095 0
1577 -21.0 -20.52903280666804 0
1578 -20.0 -20.52374247860136 0
1579 -21.0 -20.528505053815348 4.8859365855811365
1580 -20.0 -20.523220003277192 0
1581 -21.0 -20.52798780324442 0
1582 -18.0 -20.502707925211975 0
1583 -21.0 -20.507680845959857 0
1584 -21.0 -20.51260403750026 0
1585 -21.0 -20.51747799712526 0
1586 -21.0 -20.522303217154008 0
1587 -20.0 -20.517080184982465 0
1588 -21.0 -20.52190938313264 0
1589 -21.0 -20.526690289301314 4.890362503186494
1590 -21.0 -20.531423386408303 0
1591 -21.0 -20.53610915254422 0
1592 -19.0 -20.52074806101878 0
1593 -19.0 -20.505540580408592 0
1594 -21.0 -20.510485174604508 0
1595 -20.0 -20.50538032285846 0
1596 -21.0 -20.510326519629878 0
1597 -21.0 -20.51522325443358 0
1598 -21.0 -20.520071021889244 0
1599 -21.0 -20.52487031167035 5.031740108954387
1600 -21.0 -20.529621608553647 0
1601 -21.0 -20.534325392468112 0
1602 -20.0 -20.52898213854343 0
1603 -19.0 -20.513692317157997 0
1604 -20.0 -20.508555393986416 0
1605 -21.0 -20.513469840046554 0
1606 -19.0 -20.498335141646088 0
1607 -20.0 -20.493351790229624 0
1608 -21.0 -20.498418272327328 0
1609 -20.0 -20.493434089604055 5.022596976718606
1610 -21.0 -20.498499748708014 0
1611 -19.0 -20.483514751220934 0
1612 -21.0 -20.488679603708725 0
1613 -20.0 -20.483792807671637 0
1614 -21.0 -20.48895487959492 0
1615 -19.0 -20.47406533079897 0
1616 -21.0 -20.479324677490983 0
1617 -21.0 -20.484531430716075 0
1618 -21.0 -20.489686116408915 0
1619 -20.0 -20.484789255244824 5.050685183427916
1620 -21.0 -20.489941362692377 0
1621 -21.0 -20.495041949065456 0
1622 -21.0 -20.500091529574803 0
1623 -21.0 -20.505090614279055 0
1624 -21.0 -20.510039708136265 0
1625 -21.0 -20.514939311054903 0
1626 -21.0 -20.519789917944355 0
1627 -18.0 -20.494592018764912 0
1628 -21.0 -20.499646098577262 0
1629 -20.0 -20.49464963759149 5.064895610068769
1630 -20.0 -20.489703141215575 0
1631 -21.0 -20.49480610980342 0
1632 -21.0 -20.499858048705388 0
1633 -21.0 -20.504859468218335 0
1634 -21.0 -20.509810873536154 0
1635 -21.0 -20.51471276480079 0
1636 -20.0 -20.509565637152782 0
1637 -20.0 -20.504469980781252 0
1638 -20.0 -20.499425280973437 0
1639 -21.0 -20.504431028163705 5.053705957679516
1640 -21.0 -20.50938671788207 0
1641 -21.0 -20.51429285070325 0
1642 -19.0 -20.499149922196217 0
1643 -20.0 -20.494158422974255 0
1644 -21.0 -20.499216838744513 0
1645 -20.0 -20.494224670357067 0
1646 -21.0 -20.499282423653497 0
1647 -20.0 -20.494289599416962 0
1648 -21.0 -20.499346703422795 0
1649 -21.0 -20.504353236388567 5.1237667428001945
1650 -21.0 -20.509309704024684 0
1651 -20.0 -20.504216606984436 0
1652 -20.0 -20.49917444091459 0
1653 -21.0 -20.504182696505445 0
1654 -21.0 -20.509140869540392 0
1655 -21.0 -20.514049460844987 0
1656 -20.0 -20.508908966236536 0
1657 -21.0 -20.51381987657417 0
1658 -20.0 -20.50868167780843 0
1659 -21.0 -20.513594861030345 5.112676548588311
1660 -21.0 -20.51845891242004 0
1661 -20.0 -20.51327432329584 0
1662 -21.0 -20.51814158006288 0
1663 -21.0 -20.522960164262255 0
1664 -19.0 -20.507730562619635 0
1665 -21.0 -20.51265325699344 0
1666 -21.0 -20.517526724423504 0
1667 -21.0 -20.52235145717927 0
1668 -21.0 -20.52712794260748 0
1669 -21.0 -20.531856663181404 5.100418730045868
1670 -21.0 -20.53653809654959 0
1671 -20.0 -20.531172715584095 0
1672 -19.0 -20.515860988428255 0
1673 -19.0 -20.500702378543973 0
1674 -21.0 -20.505695354758533 0
1675 -21.0 -20.510638401210947 0
1676 -20.0 -20.50553201719884 0
1677 -20.0 -20.500476697026848 0
1678 -17.0 -20.46547193005658 0
1679 -19.0 -20.450817210756014 5.081615473687399
1680 -21.0 -20.456309038648456 0
1681 -20.0 -20.45174594826197 0
1682 -21.0 -20.45722848877935 0
1683 -21.0 -20.46265620389156 0
1684 -19.0 -20.448029641852646 0
1685 -21.0 -20.45354934543412 0
1686 -21.0 -20.45901385197978 0
1687 -21.0 -20.464423713459983 0
1688 -20.0 -20.45977947632538 0
1689 -19.0 -20.44518168156213 5.149387705340978
1690 -21.0 -20.45072986474651 0
1691 -21.0 -20.456222566099047 0
1692 -21.0 -20.46166034043806 0
1693 -21.0 -20.467043737033677 0
1694 -19.0 -20.452373299663343 0
1695 -21.0 -20.45784956666671 0
1696 -21.0 -20.463271071000044 0
1697 -20.0 -20.458638360290042 0
1698 -20.0 -20.45405197668714 0
1699 -21.0 -20.459511456920268 5.123159701268058
1700 -20.0 -20.454916342351066 0
1701 -19.0 -20.440367178927556 0
1702 -21.0 -20.44596350713828 0
1703 -21.0 -20.451503872066898 0
1704 -20.0 -20.44698883334623 0
1705 -19.0 -20.432518945012767 0
1706 -19.0 -20.41819375556264 0
1707 -20.0 -20.414011818007012 0
1708 -21.0 -20.419871699826942 0
1709 -21.0 -20.425672982828672 5.133550079541925
1710 -21.0 -20.431416253000386 0
1711 -19.0 -20.417102090470383 0
1712 -20.0 -20.41293106956568 0
1713 -21.0 -20.418801758870025 0
1714 -21.0 -20.424613741281327 0
1715 -21.0 -20.430367603868515 0
1716 -21.0 -20.43606392782983 0
1717 -20.0 -20.43170328855153 0
1718 -20.0 -20.427386255666015 0
1719 -19.0 -20.413112393109355 5.13223210567891
1720 -21.0 -20.41898126917826 0
1721 -21.0 -20.424791456486478 0
1722 -20.0 -20.420543541921614 0
1723 -21.0 -20.4263381065024 0
1724 -21.0 -20.432074725437374 0
1725 -21.0 -20.437753978183 0
1726 -21.0 -20.44337643840117 0
1727 -21.0 -20.44894267401716 0
1728 -21.0 -20.45445324727699 0
1729 -18.0 -20.42990871480422 5.165719300524955
1730 -20.0 -20.425609627656176 0
1731 -21.0 -20.431353531379614 0
1732 -21.0 -20.437039996065817 0
1733 -20.0 -20.432669596105157 0
1734 -20.0 -20.428342900144106 0
1735 -21.0 -20.434059471142664 0
1736 -21.0 -20.43971887643124 0
1737 -21.0 -20.44532168766693 0
1738 -21.0 -20.45086847079026 0
1739 -20.0 -20.446359786082358 5.154344285717139
1740 -21.0 -20.451896188221536 0
1741 -21.0 -20.45737722633932 0
1742 -21.0 -20.462803454075928 0
1743 -21.0 -20.468175419535168 0
1744 -20.0 -20.463493665339815 0
1745 -21.0 -20.468858728686417 0
1746 -21.0 -20.474170141399554 0
1747 -20.0 -20.469428439985556 0
1748 -21.0 -20.4747341555857 0
1749 -21.0 -20.479986814029843 5.135123966232607
1750 -19.0 -20.465186945889545 0
1751 -21.0 -20.47053507643065 0
1752 -19.0 -20.455829725666344 0
1753 -19.0 -20.44127142840968 0
1754 -19.0 -20.426858714125586 0
1755 -21.0 -20.43259012698433 0
1756 -20.0 -20.428264225714486 0
1757 -21.0 -20.433981583457342 0
1758 -20.0 -20.42964176762277 0
1759 -20.0 -20.42534534994654 5.179980658021893
1760 -19.0 -20.411091896447076 0
1761 -20.0 -20.406980977482604 0
1762 -20.0 -20.402911167707778 0
1763 -21.0 -20.408882056030702 0
1764 -19.0 -20.394793235470395 0
1765 -20.0 -20.39084530311569 0
1766 -21.0 -20.396936850084533 0
1767 -19.0 -20.382967481583687 0
1768 -21.0 -20.389137806767852 0
1769 -20.0 -20.385246428700174 5.237954659416271
1770 -21.0 -20.391393964413172 0
1771 -21.0 -20.39748002476904 0
1772 -21.0 -20.403505224521354 0
1773 -21.0 -20.40947017227614 0
1774 -21.0 -20.41537547055338 0
1775 -21.0 -20.421221715847846 0
1776 -21.0 -20.42700949868937 0
1777 -20.0 -20.422739403702476 0
1778 -20.0 -20.41851200966545 0
1779 -21.0 -20.424326889568796 5.261959209773533
1780 -21.0 -20.43008362067311 0
1781 -21.0 -20.43578278446638 0
1782 -21.0 -20.441424956621717 0
1783 -21.0 -20.4470107070555 0
1784 -21.0 -20.452540599984946 0
1785 -18.0 -20.428015193985097 0
1786 -21.0 -20.433735042045246 0
1787 -21.0 -20.439397691624794 0
1788 -21.0 -20.445003714708548 0
1789 -21.0 -20.450553677561462 5.245962709118911
1790 -21.0 -20.45604814078585 0
1791 -21.0 -20.46148765937799 0
1792 -19.0 -20.44687278278421 0
1793 -21.0 -20.45240405495637 0
1794 -19.0 -20.437880014406808 0
1795 -21.0 -20.443501214262742 0
1796 -21.0 -20.449066202120115 0
1797 -21.0 -20.454575540098915 0
1798 -21.0 -20.460029784697927 0
1799 -21.0 -20.465429486850947 5.23011112684656
1800 -21.0 -20.47077519198244 0
1801 -20.0 -20.466067440062616 0
1802 -21.0 -20.471406765661992 0
1803 -21.0 -20.476692698005373 0
1804 -21.0 -20.48192577102532 0
1805 -20.0 -20.477106513315068 0
1806 -19.0 -20.462335448181918 0
1807 -21.0 -20.4677120937001 0
1808 -21.0 -20.4730349727631 0
1809 -21.0 -20.47830462303547 5.239376349889779
1810 -21.0 -20.483521576805117 0
1811 -21.0 -20.488686361037068 0
1812 -19.0 -20.4737994974267 0
1813 -21.0 -20.479061502452435 0
1814 -21.0 -20.48427088742791 0
1815 -21.0 -20.489428178553634 0
1816 -21.0 -20.4945338967681 0
1817 -20.0 -20.489588557800417 0
1818 -21.0 -20.494692672222413 0
1819 -21.0 -20.49974574550019 5.259319068133302
1820 -21.0 -20.50474828804519 0
1821 -21.0 -20.509700805164737 0
1822 -20.0 -20.504603797113088 0
1823 -21.0 -20.50955775914196 0
1824 -21.0 -20.51446218155054 0
1825 -21.0 -20.519317559735036 0
1826 -20.0 -20.514124384137684 0
1827 -20.0 -20.508983140296305 0
1828 -21.0 -20.513893308893344 0
1829 -21.0 -20.518754375804413 5.242948026914167
1830 -20.0 -20.51356683204637 0
1831 -21.0 -20.518431163725907 0
1832 -20.0 -20.513246852088646 0
1833 -20.0 -20.508114383567758 0
1834 -21.0 -20.51303323973208 0
1835 -21.0 -20.51790290733476 0
1836 -21.0 -20.522723878261413 0
1837 -21.0 -20.527496639478798 0
1838 -21.0 -20.53222167308401 0
1839 -21.0 -20.53689945635317 5.247504649762757
1840 -21.0 -20.541530461789637 0
1841 -21.0 -20.54611515717174 0
1842 -21.0 -20.550654005600023 0
1843 -21.0 -20.555147465544024 0
1844 -21.0 -20.559595990888585 0
1845 -21.0 -20.5640000309797 0
1846 -19.0 -20.548360030669905 0
1847 -21.0 -20.552876430363206 0
1848 -21.0 -20.557347666059574 0
1849 -21.0 -20.561774189398978 5.238148613593799
1850 -20.0 -20.556156447504986 0
1851 -21.0 -20.560594883029935 0
1852 -19.0 -20.544988934199637 0
1853 -21.0 -20.549539044857642 0
1854 -21.0 -20.554043654409067 0
1855 -21.0 -20.558503217864978 0
1856 -21.0 -20.56291818568633 0
1857 -21.0 -20.567289003829465 0
1858 -21.0 -20.571616113791173 0
1859 -21.0 -20.575899952653263 5.274762087600321
1860 -19.0 -20.56014095312673 0
1861 -21.0 -20.564539543595462 0
1862 -20.0 -20.558894148159506 0
1863 -19.0 -20.543305206677914 0
1864 -21.0 -20.547872154611134 0
1865 -21.0 -20.552393433065024 0
1866 -21.0 -20.556869498734375 0
1867 -20.0 -20.55130080374703 0
1868 -21.0 -20.55578779570956 0
1869 -20.0 -20.550229917752464 5.278843011150336
1870 -21.0 -20.55472761857494 0
1871 -19.0 -20.53918034238919 0
1872 -19.0 -20.5237885389653 0
1873 -20.0 -20.518550653575645 0
1874 -20.0 -20.513365147039888 0
1875 -21.0 -20.51823149556949 0
1876 -20.0 -20.513049180613795 0
1877 -19.0 -20.49791868880766 0
1878 -21.0 -20.50293950191958 0
1879 -19.0 -20.487910106900387 5.293167201654053
1880 -21.0 -20.493031005831384 0
1881 -21.0 -20.498100695773072 0
1882 -21.0 -20.503119688815342 0
1883 -21.0 -20.50808849192719 0
1884 -21.0 -20.513007607007918 0
1885 -21.0 -20.517877530937838 0
1886 -19.0 -20.50269875562846 0
1887 -21.0 -20.50767176807218 0
1888 -19.0 -20.492595050391458 0
1889 -21.0 -20.497669099887545 5.318418744616402
1890 -21.0 -20.50269240888867 0
1891 -20.0 -20.497665484799782 0
1892 -21.0 -20.502688829951786 0
1893 -21.0 -20.50766194165227 0
1894 -20.0 -20.502585322235745 0
1895 -21.0 -20.50755946901339 0
1896 -19.0 -20.49248387432326 0
1897 -21.0 -20.49755903558003 0
1898 -21.0 -20.50258344522423 0
1899 -21.0 -20.507557610771986 5.337568162536721
1900 -20.0 -20.502482034664265 0
1901 -21.0 -20.507457214317622 0
1902 -18.0 -20.482382642174446 0
1903 -21.0 -20.487558815752703 0
1904 -21.0 -20.492683227595176 0
1905 -21.0 -20.497756395319225 0
1906 -21.0 -20.502778831366033 0
1907 -21.0 -20.507751043052373 0
1908 -21.0 -20.51267353262185 0
1909 -21.0 -20.517546797295633 5.346975302439099
1910 -20.0 -20.512371329322676 0
1911 -19.0 -20.49724761602945 0
1912 -21.0 -20.50227513986916 0
1913 -20.0 -20.497252388470468 0
1914 -20.0 -20.49227986458576 0
1915 -21.0 -20.497357065939905 0
1916 -21.0 -20.502383495280508 0
1917 -21.0 -20.507359660327705 0
1918 -21.0 -20.512286063724428 0
1919 -19.0 -20.497163203087183 5.39032129179929
1920 -21.0 -20.50219157105631 0
1921 -21.0 -20.50716965534575 0
1922 -19.0 -20.492097958792293 0
1923 -19.0 -20.477176979204373 0
1924 -21.0 -20.48240520941233 0
1925 -21.0 -20.487581157318207 0
1926 -21.0 -20.492705345745026 0
1927 -17.0 -20.45777829228758 0
1928 -21.0 -20.463200509364704 0
1929 -19.0 -20.44856850427106 5.374794456335057
1930 -20.0 -20.444082819228345 0
1931 -20.0 -20.439641991036062 0
1932 -21.0 -20.445245571125703 0
1933 -21.0 -20.450793115414445 0
1934 -18.0 -20.4262851842603 0
1935 -20.0 -20.422022332417697 0
1936 -21.0 -20.42780210909352 0
1937 -21.0 -20.433524088002585 0
1938 -21.0 -20.43918884712256 0
1939 -20.0 -20.434796958651333 5.384274790123999
1940 -19.0 -20.42044898906482 0
1941 -20.0 -20.41624449917417 0
1942 -21.0 -20.42208205418243 0
1943 -21.0 -20.427861233640606 0
1944 -21.0 -20.4335826213042 0
1945 -21.0 -20.439246795091158 0
1946 -21.0 -20.44485432714025 0
1947 -21.0 -20.450405783868845 0
1948 -21.0 -20.455901726030156 0
1949 -21.0 -20.461342708769855 5.439064103199393
1950 -20.0 -20.456729281682154 0
1951 -21.0 -20.462161988865333 0
1952 -20.0 -20.45754036897668 0
1953 -18.0 -20.432964965286914 0
1954 -19.0 -20.418635315634045 0
1955 -21.0 -20.424448962477705 0
1956 -21.0 -20.430204472852928 0
1957 -20.0 -20.4259024281244 0
1958 -21.0 -20.431643403843154 0
1959 -21.0 -20.437326969804722 5.444951924791999
1960 -21.0 -20.442953700106674 0
1961 -21.0 -20.448524163105606 0
1962 -21.0 -20.454038921474552 0
1963 -21.0 -20.459498532259808 0
1964 -21.0 -20.46490354693721 0
1965 -20.0 -20.460254511467838 0
1966 -20.0 -20.45565196635316 0
1967 -21.0 -20.46109544668963 0
1968 -21.0 -20.466484492222733 0
1969 -20.0 -20.461819647300505 5.431644170632051
1970 -20.0 -20.457201450827498 0
1971 -21.0 -20.462629436319222 0
1972 -16.0 -20.41800314195603 0
1973 -21.0 -20.42382311053647 0
1974 -20.0 -20.419584879431106 0
1975 -21.0 -20.425389030636797 0
1976 -21.0 -20.43113514033043 0
1977 -20.0 -20.426823788927123 0
1978 -21.0 -20.432555551037854 0
1979 -18.0 -20.408229995527474 5.45337207189447
1980 -21.0 -20.4141476955722 0
1981 -20.0 -20.410006218616477 0
1982 -21.0 -20.415906156430314 0
1983 -20.0 -20.41174709486601 0
1984 -20.0 -20.407629623917348 0
1985 -21.0 -20.413553327678176 0
1986 -21.0 -20.419417794401394 0
1987 -20.0 -20.41522361645738 0
1988 -21.0 -20.421071380292805 0
1989 -19.0 -20.406860666489877 5.435941801442605
1990 -21.0 -20.41279205982498 0
1991 -20.0 -20.40866413922673 0
1992 -21.0 -20.414577497834465 0
1993 -19.0 -20.400431722856123 0
1994 -17.0 -20.36642740562756 0
1995 -21.0 -20.372763131571286 0
1996 -21.0 -20.379035500255576 0
1997 -21.0 -20.38524514525302 0
1998 -18.0 -20.36139269380049 0
1999 -21.0 -20.367778766862486 5.423278600120432
