1 -21.01
2 -21.02
3 -21.03
4 -21.04
5 -21.05
6 -21.06
7 -21.07
8 -21.08
9 -19.09
10 -21.010
11 -21.011
12 -21.012
13 -21.013
14 -21.014
15 -21.015
16 -20.016
17 -20.017
18 -20.018
19 -20.019
20 -21.020
21 -20.021
22 -21.022
23 -20.023
24 -21.024
25 -20.025
26 -19.026
27 -21.027
28 -19.028
29 -20.029
30 -21.030
31 -18.031
32 -21.032
33 -19.033
34 -21.034
35 -21.035
36 -19.036
37 -20.037
38 -21.038
39 -21.039
40 -21.040
41 -19.041
42 -20.042
43 -21.043
44 -19.044
45 -21.045
46 -20.046
47 -20.047
48 -21.048
49 -19.049
50 -21.050
51 -20.051
52 -20.052
53 -21.053
54 -20.054
55 -21.055
56 -21.056
57 -21.057
58 -19.058
59 -19.059
60 -21.060
61 -21.061
62 -20.062
63 -21.063
64 -19.064
65 -21.065
66 -20.066
67 -20.067
68 -21.068
69 -21.069
70 -21.070
71 -20.071
72 -21.072
73 -21.073
74 -21.074
75 -20.075
76 -21.076
77 -21.077
78 -21.078
79 -21.079
80 -21.080
81 -21.081
82 -21.082
83 -20.083
84 -21.084
85 -18.085
86 -21.086
87 -20.087
88 -21.088
89 -21.089
90 -20.090
91 -21.091
92 -21.092
93 -20.093
94 -21.094
95 -20.095
96 -20.096
97 -19.097
98 -19.098
99 -19.099
100 -21.0100
101 -20.0101
102 -21.0102
103 -21.0103
104 -21.0104
105 -20.0105
106 -20.0106
107 -21.0107
108 -21.0108
109 -21.0109
110 -21.0110
111 -21.0111
112 -20.0112
113 -21.0113
114 -21.0114
115 -20.0115
116 -20.0116
117 -21.0117
118 -21.0118
119 -20.0119
120 -21.0120
121 -21.0121
122 -20.0122
123 -19.0123
124 -21.0124
125 -19.0125
126 -21.0126
127 -20.0127
128 -20.0128
129 -16.0129
130 -19.0130
131 -20.0131
132 -20.0132
133 -20.0133
134 -19.0134
135 -21.0135
136 -20.0136
137 -21.0137
138 -21.0138
139 -20.0139
140 -21.0140
141 -21.0141
142 -21.0142
143 -21.0143
144 -20.0144
145 -21.0145
146 -21.0146
147 -21.0147
148 -19.0148
149 -21.0149
150 -21.0150
151 -20.0151
152 -21.0152
153 -20.0153
154 -21.0154
155 -20.0155
156 -20.0156
157 -21.0157
158 -21.0158
159 -18.0159
160 -21.0160
161 -21.0161
162 -21.0162
163 -20.0163
164 -21.0164
165 -20.0165
166 -21.0166
167 -19.0167
168 -20.0168
169 -21.0169
170 -18.0170
171 -21.0171
172 -21.0172
173 -19.0173
174 -20.0174
175 -20.0175
176 -21.0176
177 -21.0177
178 -20.0178
179 -20.0179
180 -21.0180
181 -21.0181
182 -21.0182
183 -20.0183
184 -18.0184
185 -21.0185
186 -20.0186
187 -20.0187
188 -18.0188
189 -21.0189
190 -21.0190
191 -21.0191
192 -21.0192
193 -16.0193
194 -18.0194
195 -21.0195
196 -20.0196
197 -19.0197
198 -20.0198
199 -19.0199
200 -17.0200
201 -20.0201
202 -21.0202
203 -18.0203
204 -20.0204
205 -20.0205
206 -20.0206
207 -21.0207
208 -21.0208
209 -19.0209
210 -20.0210
211 -21.0211
212 -21.0212
213 -20.0213
214 -20.0214
215 -21.0215
216 -19.0216
217 -21.0217
218 -19.0218
219 -21.0219
220 -19.0220
221 -21.0221
222 -20.0222
223 -19.0223
224 -19.0224
225 -21.0225
226 -18.0226
227 -21.0227
228 -21.0228
229 -19.0229
230 -21.0230
231 -21.0231
232 -19.0232
233 -21.0233
234 -20.0234
235 -21.0235
236 -20.0236
237 -18.0237
238 -20.0238
239 -19.0239
240 -20.0240
241 -20.0241
242 -19.0242
243 -18.0243
244 -19.0244
245 -21.0245
246 -19.0246
247 -20.0247
248 -20.0248
249 -21.0249
250 -21.0250
251 -21.0251
252 -20.0252
253 -21.0253
254 -19.0254
255 -21.0255
256 -19.0256
257 -18.0257
258 -21.0258
259 -21.0259
260 -19.0260
261 -19.0261
262 -21.0262
263 -19.0263
264 -18.0264
265 -21.0265
266 -21.0266
267 -19.0267
268 -20.0268
269 -21.0269
270 -20.0270
271 -20.0271
272 -19.0272
273 -21.0273
274 -20.0274
275 -21.0275
276 -20.0276
277 -19.0277
278 -21.0278
279 -21.0279
280 -20.0280
281 -21.0281
282 -21.0282
283 -21.0283
284 -21.0284
285 -21.0285
286 -19.0286
287 -21.0287
288 -21.0288
289 -20.0289
290 -19.0290
291 -20.0291
292 -20.0292
293 -21.0293
294 -21.0294
295 -20.0295
296 -21.0296
297 -20.0297
298 -17.0298
299 -21.0299
300 -20.0300
301 -21.0301
302 -19.0302
303 -21.0303
304 -20.0304
305 -20.0305
306 -19.0306
307 -21.0307
308 -21.0308
309 -21.0309
310 -20.0310
311 -18.0311
312 -21.0312
313 -19.0313
314 -20.0314
315 -21.0315
316 -21.0316
317 -19.0317
318 -20.0318
319 -20.0319
320 -21.0320
321 -21.0321
322 -19.0322
323 -21.0323
324 -20.0324
325 -19.0325
326 -16.0326
327 -21.0327
328 -21.0328
329 -18.0329
330 -20.0330
331 -20.0331
332 -20.0332
333 -18.0333
334 -19.0334
335 -21.0335
336 -19.0336
337 -21.0337
338 -18.0338
339 -19.0339
340 -21.0340
341 -19.0341
342 -21.0342
343 -19.0343
344 -20.0344
345 -19.0345
346 -17.0346
347 -19.0347
348 -20.0348
349 -21.0349
350 -20.0350
351 -20.0351
352 -20.0352
353 -20.0353
354 -18.0354
355 -21.0355
356 -21.0356
357 -19.0357
358 -18.0358
359 -21.0359
360 -20.0360
361 -17.0361
362 -20.0362
363 -20.0363
364 -20.0364
365 -18.0365
366 -20.0366
367 -15.0367
368 -21.0368
369 -21.0369
370 -21.0370
371 -19.0371
372 -20.0372
373 -20.0373
374 -20.0374
375 -20.0375
376 -20.0376
377 -20.0377
378 -21.0378
379 -20.0379
380 -16.0380
381 -20.0381
382 -21.0382
383 -20.0383
384 -19.0384
385 -19.0385
386 -20.0386
387 -21.0387
388 -18.0388
389 -19.0389
390 -21.0390
391 -20.0391
392 -21.0392
393 -18.0393
394 -21.0394
395 -21.0395
396 -21.0396
397 -19.0397
398 -18.0398
399 -21.0399
400 -20.0400
401 -19.0401
402 -20.0402
403 -19.0403
404 -20.0404
405 -19.0405
406 -21.0406
407 -21.0407
408 -17.0408
409 -21.0409
410 -21.0410
411 -19.0411
412 -20.0412
413 -19.0413
414 -19.0414
415 -21.0415
416 -20.0416
417 -20.0417
418 -20.0418
419 -20.0419
420 -20.0420
421 -19.0421
422 -21.0422
423 -21.0423
424 -21.0424
425 -19.0425
426 -18.0426
427 -19.0427
428 -21.0428
429 -20.0429
430 -19.0430
431 -19.0431
432 -20.0432
433 -21.0433
434 -20.0434
435 -20.0435
436 -18.0436
437 -20.0437
438 -19.0438
439 -21.0439
440 -18.0440
441 -21.0441
442 -21.0442
443 -21.0443
444 -21.0444
445 -15.0445
446 -20.0446
447 -16.0447
448 -17.0448
449 -21.0449
450 -20.0450
451 -19.0451
452 -21.0452
453 -21.0453
454 -21.0454
455 -18.0455
456 -21.0456
457 -21.0457
458 -21.0458
459 -21.0459
460 -20.0460
461 -21.0461
462 -20.0462
463 -20.0463
464 -19.0464
465 -20.0465
466 -19.0466
467 -19.0467
468 -21.0468
469 -18.0469
470 -19.0470
471 -21.0471
472 -20.0472
473 -19.0473
474 -18.0474
475 -18.0475
476 -18.0476
477 -21.0477
478 -19.0478
479 -20.0479
480 -19.0480
481 -21.0481
482 -17.0482
483 -20.0483
484 -20.0484
485 -20.0485
486 -20.0486
487 -17.0487
488 -21.0488
489 -18.0489
490 -18.0490
491 -21.0491
492 -20.0492
493 -19.0493
494 -21.0494
495 -17.0495
496 -20.0496
497 -19.0497
498 -18.0498
499 -16.0499
500 -21.0500
501 -20.0501
502 -21.0502
503 -19.0503
504 -21.0504
505 -21.0505
506 -18.0506
507 -18.0507
508 -20.0508
509 -18.0509
510 -20.0510
511 -19.0511
512 -16.0512
513 -19.0513
514 -18.0514
515 -20.0515
516 -20.0516
517 -21.0517
518 -21.0518
519 -21.0519
520 -21.0520
521 -21.0521
522 -19.0522
523 -19.0523
524 -21.0524
525 -21.0525
526 -19.0526
527 -21.0527
528 -20.0528
529 -20.0529
530 -21.0530
531 -16.0531
532 -19.0532
533 -19.0533
534 -20.0534
535 -19.0535
536 -19.0536
537 -20.0537
538 -19.0538
539 -21.0539
540 -19.0540
541 -20.0541
542 -20.0542
543 -21.0543
544 -21.0544
545 -18.0545
546 -19.0546
547 -21.0547
548 -21.0548
549 -19.0549
550 -21.0550
551 -20.0551
552 -20.0552
553 -20.0553
554 -17.0554
555 -21.0555
556 -21.0556
557 -20.0557
558 -20.0558
559 -17.0559
560 -19.0560
561 -17.0561
562 -19.0562
563 -21.0563
564 -16.0564
565 -18.0565
566 -19.0566
567 -20.0567
568 -20.0568
569 -19.0569
570 -19.0570
571 -19.0571
572 -19.0572
573 -19.0573
574 -21.0574
575 -21.0575
576 -21.0576
577 -20.0577
578 -20.0578
579 -21.0579
580 -21.0580
581 -19.0581
582 -21.0582
583 -20.0583
584 -20.0584
585 -21.0585
586 -18.0586
587 -20.0587
588 -20.0588
589 -18.0589
590 -16.0590
591 -20.0591
592 -20.0592
593 -20.0593
594 -20.0594
595 -21.0595
596 -21.0596
597 -19.0597
598 -18.0598
599 -20.0599
600 -19.0600
601 -20.0601
602 -21.0602
603 -21.0603
604 -19.0604
605 -18.0605
606 -19.0606
607 -21.0607
608 -19.0608
609 -19.0609
610 -21.0610
611 -19.0611
612 -13.0612
613 -19.0613
614 -21.0614
615 -20.0615
616 -19.0616
617 -20.0617
618 -20.0618
619 -19.0619
620 -20.0620
621 -17.0621
622 -18.0622
623 -19.0623
624 -21.0624
625 -20.0625
626 -19.0626
627 -20.0627
628 -20.0628
629 -18.0629
630 -19.0630
631 -19.0631
632 -19.0632
633 -18.0633
634 -19.0634
635 -19.0635
636 -19.0636
637 -19.0637
638 -20.0638
639 -17.0639
640 -18.0640
641 -19.0641
642 -17.0642
643 -20.0643
644 -21.0644
645 -17.0645
646 -19.0646
647 -15.0647
648 -18.0648
649 -19.0649
650 -21.0650
651 -21.0651
652 -18.0652
653 -20.0653
654 -21.0654
655 -21.0655
656 -21.0656
657 -18.0657
658 -15.0658
659 -19.0659
660 -19.0660
661 -21.0661
662 -21.0662
663 -19.0663
664 -18.0664
665 -20.0665
666 -21.0666
667 -17.0667
668 -21.0668
669 -19.0669
670 -18.0670
671 -19.0671
672 -18.0672
673 -20.0673
674 -18.0674
675 -19.0675
676 -17.0676
677 -19.0677
678 -20.0678
679 -19.0679
680 -18.0680
681 -19.0681
682 -20.0682
683 -18.0683
684 -16.0684
685 -18.0685
686 -20.0686
687 -17.0687
688 -19.0688
689 -19.0689
690 -20.0690
691 -19.0691
692 -16.0692
693 -19.0693
694 -21.0694
695 -19.0695
696 -18.0696
697 -20.0697
698 -19.0698
699 -16.0699
700 -19.0700
701 -19.0701
702 -21.0702
703 -19.0703
704 -16.0704
705 -21.0705
706 -19.0706
707 -20.0707
708 -18.0708
709 -21.0709
710 -16.0710
711 -19.0711
712 -20.0712
713 -17.0713
714 -21.0714
715 -20.0715
716 -17.0716
717 -18.0717
718 -17.0718
719 -21.0719
720 -18.0720
721 -19.0721
722 -20.0722
723 -19.0723
724 -19.0724
725 -21.0725
726 -16.0726
727 -21.0727
728 -21.0728
729 -16.0729
730 -18.0730
731 -18.0731
732 -21.0732
733 -20.0733
734 -17.0734
735 -19.0735
736 -19.0736
737 -19.0737
738 -21.0738
739 -17.0739
740 -18.0740
741 -20.0741
742 -18.0742
743 -17.0743
744 -21.0744
745 -15.0745
746 -19.0746
747 -20.0747
748 -19.0748
749 -19.0749
750 -21.0750
751 -19.0751
752 -17.0752
753 -17.0753
754 -19.0754
755 -19.0755
756 -19.0756
757 -19.0757
758 -18.0758
759 -17.0759
760 -20.0760
761 -19.0761
762 -18.0762
763 -18.0763
764 -21.0764
765 -21.0765
766 -19.0766
767 -18.0767
768 -20.0768
769 -20.0769
770 -19.0770
771 -18.0771
772 -18.0772
773 -15.0773
774 -18.0774
775 -20.0775
776 -18.0776
777 -16.0777
778 -20.0778
779 -19.0779
780 -20.0780
781 -18.0781
782 -18.0782
783 -16.0783
784 -17.0784
785 -17.0785
786 -16.0786
787 -21.0787
788 -16.0788
789 -18.0789
790 -18.0790
791 -19.0791
792 -20.0792
793 -15.0793
794 -19.0794
795 -21.0795
796 -19.0796
797 -20.0797
798 -19.0798
799 -19.0799
800 -18.0800
801 -19.0801
802 -18.0802
803 -19.0803
804 -21.0804
805 -17.0805
806 -21.0806
807 -18.0807
808 -17.0808
809 -15.0809
810 -16.0810
811 -16.0811
812 -17.0812
813 -17.0813
814 -16.0814
815 -19.0815
816 -19.0816
817 -19.0817
818 -18.0818
819 -18.0819
820 -21.0820
821 -20.0821
822 -21.0822
823 -17.0823
824 -17.0824
825 -20.0825
826 -19.0826
827 -21.0827
828 -19.0828
829 -18.0829
830 -16.0830
831 -19.0831
832 -19.0832
833 -18.0833
834 -19.0834
835 -19.0835
836 -20.0836
837 -17.0837
838 -20.0838
839 -16.0839
840 -18.0840
841 -16.0841
842 -18.0842
843 -18.0843
844 -20.0844
845 -18.0845
846 -20.0846
847 -13.0847
848 -21.0848
849 -18.0849
850 -21.0850
851 -14.0851
852 -19.0852
853 -17.0853
854 -20.0854
855 -19.0855
856 -16.0856
857 -21.0857
858 -18.0858
859 -20.0859
860 -19.0860
861 -21.0861
862 -20.0862
863 -15.0863
864 -18.0864
865 -19.0865
866 -19.0866
867 -12.0867
868 -17.0868
869 -18.0869
870 -15.0870
871 -15.0871
872 -20.0872
873 -20.0873
874 -20.0874
875 -20.0875
876 -19.0876
877 -19.0877
878 -19.0878
879 -19.0879
880 -19.0880
881 -19.0881
882 -19.0882
883 -19.0883
884 -20.0884
885 -19.0885
886 -12.0886
887 -19.0887
888 -18.0888
889 -20.0889
890 -15.0890
891 -19.0891
892 -17.0892
893 -17.0893
894 -18.0894
895 -18.0895
896 -15.0896
897 -18.0897
898 -18.0898
899 -20.0899
900 -16.0900
901 -19.0901
902 -19.0902
903 -20.0903
904 -21.0904
905 -16.0905
906 -17.0906
907 -19.0907
908 -17.0908
909 -19.0909
910 -19.0910
911 -19.0911
912 -20.0912
913 -18.0913
914 -19.0914
915 -20.0915
916 -21.0916
917 -19.0917
918 -17.0918
919 -21.0919
920 -17.0920
921 -19.0921
922 -18.0922
923 -18.0923
924 -17.0924
925 -15.0925
926 -20.0926
927 -16.0927
928 -17.0928
929 -18.0929
930 -20.0930
931 -17.0931
932 -16.0932
933 -19.0933
934 -17.0934
935 -19.0935
936 -17.0936
937 -18.0937
938 -19.0938
939 -21.0939
940 -16.0940
941 -16.0941
942 -20.0942
943 -19.0943
944 -19.0944
945 -21.0945
946 -18.0946
947 -20.0947
948 -19.0948
949 -20.0949
950 -19.0950
951 -19.0951
952 -21.0952
953 -16.0953
954 -19.0954
955 -16.0955
956 -18.0956
957 -17.0957
958 -16.0958
959 -19.0959
960 -15.0960
961 -17.0961
962 -21.0962
963 -19.0963
964 -15.0964
965 -18.0965
966 -18.0966
967 -19.0967
968 -20.0968
969 -16.0969
970 -19.0970
971 -21.0971
972 -17.0972
973 -20.0973
974 -19.0974
975 -19.0975
976 -18.0976
977 -20.0977
978 -18.0978
979 -17.0979
980 -20.0980
981 -21.0981
982 -19.0982
983 -20.0983
984 -17.0984
985 -18.0985
986 -18.0986
987 -17.0987
988 -15.0988
989 -14.0989
990 -16.0990
991 -18.0991
992 -19.0992
993 -20.0993
994 -20.0994
995 -19.0995
996 -21.0996
997 -19.0997
998 -21.0998
999 -18.0999
1000 -17.01000
1001 -18.01001
1002 -15.01002
1003 -19.01003
1004 -19.01004
1005 -20.01005
1006 -18.01006
1007 -18.01007
1008 -19.01008
1009 -17.01009
1010 -18.01010
1011 -20.01011
1012 -15.01012
1013 -15.01013
1014 -18.01014
1015 -20.01015
1016 -18.01016
1017 -18.01017
1018 -17.01018
1019 -19.01019
1020 -15.01020
1021 -19.01021
1022 -17.01022
1023 -20.01023
1024 -19.01024
1025 -18.01025
1026 -17.01026
1027 -16.01027
1028 -16.01028
1029 -18.01029
1030 -19.01030
1031 -19.01031
1032 -18.01032
1033 -17.01033
1034 -19.01034
1035 -19.01035
1036 -16.01036
1037 -20.01037
1038 -19.01038
1039 -19.01039
1040 -17.01040
1041 -19.01041
1042 -20.01042
1043 -18.01043
1044 -17.01044
1045 -19.01045
1046 -17.01046
1047 -19.01047
1048 -18.01048
1049 -19.01049
1050 -17.01050
1051 -17.01051
1052 -20.01052
1053 -19.01053
1054 -18.01054
1055 -16.01055
1056 -18.01056
1057 -19.01057
1058 -17.01058
1059 -18.01059
1060 -18.01060
1061 -16.01061
1062 -16.01062
1063 -16.01063
1064 -19.01064
1065 -19.01065
1066 -20.01066
1067 -12.01067
1068 -16.01068
1069 -16.01069
1070 -18.01070
1071 -15.01071
1072 -18.01072
1073 -17.01073
1074 -16.01074
1075 -16.01075
1076 -19.01076
1077 -21.01077
1078 -15.01078
1079 -16.01079
1080 -19.01080
1081 -13.01081
1082 -18.01082
1083 -17.01083
1084 -19.01084
1085 -17.01085
1086 -20.01086
1087 -20.01087
1088 -17.01088
1089 -17.01089
1090 -17.01090
1091 -16.01091
1092 -17.01092
1093 -16.01093
1094 -17.01094
1095 -18.01095
1096 -13.01096
1097 -18.01097
1098 -19.01098
1099 -19.01099
1100 -17.01100
1101 -17.01101
1102 -18.01102
1103 -20.01103
1104 -16.01104
1105 -19.01105
1106 -18.01106
1107 -18.01107
1108 -18.01108
1109 -18.01109
1110 -19.01110
1111 -17.01111
1112 -20.01112
1113 -19.01113
1114 -17.01114
1115 -21.01115
1116 -19.01116
1117 -17.01117
1118 -18.01118
1119 -18.01119
1120 -20.01120
1121 -18.01121
1122 -19.01122
1123 -15.01123
1124 -18.01124
1125 -19.01125
1126 -20.01126
1127 -17.01127
1128 -20.01128
1129 -19.01129
1130 -18.01130
1131 -18.01131
1132 -20.01132
1133 -15.01133
1134 -21.01134
1135 -19.01135
1136 -21.01136
1137 -14.01137
1138 -18.01138
1139 -18.01139
1140 -18.01140
1141 -14.01141
1142 -18.01142
1143 -13.01143
1144 -20.01144
1145 -16.01145
1146 -19.01146
1147 -17.01147
1148 -18.01148
1149 -18.01149
1150 -19.01150
1151 -21.01151
1152 -18.01152
1153 -20.01153
1154 -16.01154
1155 -19.01155
1156 -17.01156
1157 -16.01157
1158 -19.01158
1159 -17.01159
1160 -19.01160
1161 -19.01161
1162 -19.01162
1163 -20.01163
1164 -18.01164
1165 -17.01165
1166 -21.01166
1167 -20.01167
1168 -18.01168
1169 -16.01169
1170 -17.01170
1171 -17.01171
1172 -19.01172
1173 -17.01173
1174 -19.01174
1175 -17.01175
1176 -21.01176
1177 -17.01177
1178 -15.01178
1179 -20.01179
1180 -18.01180
1181 -15.01181
1182 -17.01182
1183 -20.01183
1184 -19.01184
1185 -16.01185
1186 -17.01186
1187 -21.01187
1188 -14.01188
1189 -19.01189
1190 -15.01190
1191 -17.01191
1192 -11.01192
1193 -18.01193
1194 -17.01194
1195 -20.01195
1196 -17.01196
1197 -18.01197
1198 -21.01198
1199 -18.01199
1200 -19.01200
1201 -18.01201
1202 -19.01202
1203 -18.01203
1204 -14.01204
1205 -19.01205
1206 -17.01206
1207 -19.01207
1208 -16.01208
1209 -11.01209
1210 -18.01210
1211 -19.01211
1212 -20.01212
1213 -15.01213
1214 -18.01214
1215 -20.01215
1216 -16.01216
1217 -16.01217
1218 -12.01218
1219 -18.01219
1220 -15.01220
1221 -19.01221
1222 -17.01222
1223 -18.01223
1224 -19.01224
1225 -17.01225
1226 -19.01226
1227 -17.01227
1228 -15.01228
1229 -13.01229
1230 -14.01230
1231 -17.01231
1232 -15.01232
1233 -17.01233
1234 -21.01234
1235 -18.0
