1 -21
2 -21
3 -21
4 -21
5 -21
6 -21
7 -21
8 -21
9 -19
10 -21
11 -21
12 -21
13 -21
14 -21
15 -21
16 -20
17 -20
18 -20
19 -20
20 -21
21 -20
22 -21
23 -20
24 -21
25 -20
26 -19
27 -21
28 -19
29 -20
30 -21
31 -18
32 -21
33 -19
34 -21
35 -21
36 -19
37 -20
38 -21
39 -21
40 -21
41 -19
42 -20
43 -21
44 -19
45 -21
46 -20
47 -20
48 -21
49 -19
50 -21
51 -20
52 -20
53 -21
54 -20
55 -21
56 -21
57 -21
58 -19
59 -19
60 -21
61 -21
62 -20
63 -21
64 -19
65 -21
66 -20
67 -20
68 -21
69 -21
70 -21
71 -20
72 -21
73 -21
74 -21
75 -20
76 -21
77 -21
78 -21
79 -21
80 -21
81 -21
82 -21
83 -20
84 -21
85 -18
86 -21
87 -20
88 -21
89 -21
90 -20
91 -21
92 -21
93 -20
94 -21
95 -20
96 -20
97 -19
98 -19
99 -19
100 -21
101 -20
102 -21
103 -21
104 -21
105 -20
106 -20
107 -21
108 -21
109 -21
110 -21
111 -21
112 -20
113 -21
114 -21
115 -20
116 -20
117 -21
118 -21
119 -20
120 -21
121 -21
122 -20
123 -19
124 -21
125 -19
126 -21
127 -20
128 -20
129 -16
130 -19
131 -20
132 -20
133 -20
134 -19
135 -21
136 -20
137 -21
138 -21
139 -20
140 -21
141 -21
142 -21
143 -21
144 -20
145 -21
146 -21
147 -21
148 -19
149 -21
150 -21
151 -20
152 -21
153 -20
154 -21
155 -20
156 -20
157 -21
158 -21
159 -18
160 -21
161 -21
162 -21
163 -20
164 -21
165 -20
166 -21
167 -19
168 -20
169 -21
170 -18
171 -21
172 -21
173 -19
174 -20
175 -20
176 -21
177 -21
178 -20
179 -20
180 -21
181 -21
182 -21
183 -20
184 -18
185 -21
186 -20
187 -20
188 -18
189 -21
190 -21
191 -21
192 -21
193 -16
194 -18
195 -21
196 -20
197 -19
198 -20
199 -19
200 -17
201 -20
202 -21
203 -18
204 -20
205 -20
206 -20
207 -21
208 -21
209 -19
210 -20
211 -21
212 -21
213 -20
214 -20
215 -21
216 -19
217 -21
218 -19
219 -21
220 -19
221 -21
222 -20
223 -19
224 -19
225 -21
226 -18
227 -21
228 -21
229 -19
230 -21
231 -21
232 -19
233 -21
234 -20
235 -21
236 -20
237 -18
238 -20
239 -19
240 -20
241 -20
242 -19
243 -18
244 -19
245 -21
246 -19
247 -20
248 -20
249 -21
250 -21
251 -21
252 -20
253 -21
254 -19
255 -21
256 -19
257 -18
258 -21
259 -21
260 -19
261 -19
262 -21
263 -19
264 -18
265 -21
266 -21
267 -19
268 -20
269 -21
270 -20
271 -20
272 -19
273 -21
274 -20
275 -21
276 -20
277 -19
278 -21
279 -21
280 -20
281 -21
282 -21
283 -21
284 -21
285 -21
286 -19
287 -21
288 -21
289 -20
290 -19
291 -20
292 -20
293 -21
294 -21
295 -20
296 -21
297 -20
298 -17
299 -21
300 -20
301 -21
302 -19
303 -21
304 -20
305 -20
306 -19
307 -21
308 -21
309 -21
310 -20
311 -18
312 -21
313 -19
314 -20
315 -21
316 -21
317 -19
318 -20
319 -20
320 -21
321 -21
322 -19
323 -21
324 -20
325 -19
326 -16
327 -21
328 -21
329 -18
330 -20
331 -20
332 -20
333 -18
334 -19
335 -21
336 -19
337 -21
338 -18
339 -19
340 -21
341 -19
342 -21
343 -19
344 -20
345 -19
346 -17
347 -19
348 -20
349 -21
350 -20
351 -20
352 -20
353 -20
354 -18
355 -21
356 -21
357 -19
358 -18
359 -21
360 -20
361 -17
362 -20
363 -20
364 -20
365 -18
366 -20
367 -15
368 -21
369 -21
370 -21
371 -19
372 -20
373 -20
374 -20
375 -20
376 -20
377 -20
378 -21
379 -20
380 -16
381 -20
382 -21
383 -20
384 -19
385 -19
386 -20
387 -21
388 -18
389 -19
390 -21
391 -20
392 -21
393 -18
394 -21
395 -21
396 -21
397 -19
398 -18
399 -21
400 -20
401 -19
402 -20
403 -19
404 -20
405 -19
406 -21
407 -21
408 -17
409 -21
410 -21
411 -19
412 -20
413 -19
414 -19
415 -21
416 -20
417 -20
418 -20
419 -20
420 -20
421 -19
422 -21
423 -21
424 -21
425 -19
426 -18
427 -19
428 -21
429 -20
430 -19
431 -19
432 -20
433 -21
434 -20
435 -20
436 -18
437 -20
438 -19
439 -21
440 -18
441 -21
442 -21
443 -21
444 -21
445 -15
446 -20
447 -16
448 -17
449 -21
450 -20
451 -19
452 -21
453 -21
454 -21
455 -18
456 -21
457 -21
458 -21
459 -21
460 -20
461 -21
462 -20
463 -20
464 -19
465 -20
466 -19
467 -19
468 -21
469 -18
470 -19
471 -21
472 -20
473 -19
474 -18
475 -18
476 -18
477 -21
478 -19
479 -20
480 -19
481 -21
482 -17
483 -20
484 -20
485 -20
486 -20
487 -17
488 -21
489 -18
490 -18
491 -21
492 -20
493 -19
494 -21
495 -17
496 -20
497 -19
498 -18
499 -16
500 -21
501 -20
502 -21
503 -19
504 -21
505 -21
506 -18
507 -18
508 -20
509 -18
510 -20
511 -19
512 -16
513 -19
514 -18
515 -20
516 -20
517 -21
518 -21
519 -21
520 -21
521 -21
522 -19
523 -19
524 -21
525 -21
526 -19
527 -21
528 -20
529 -20
530 -21
531 -16
532 -19
533 -19
534 -20
535 -19
536 -19
537 -20
538 -19
539 -21
540 -19
541 -20
542 -20
543 -21
544 -21
545 -18
546 -19
547 -21
548 -21
549 -19
550 -21
551 -20
552 -20
553 -20
554 -17
555 -21
556 -21
557 -20
558 -20
559 -17
560 -19
561 -17
562 -19
563 -21
564 -16
565 -18
566 -19
567 -20
568 -20
569 -19
570 -19
571 -19
572 -19
573 -19
574 -21
575 -21
576 -21
577 -20
578 -20
579 -21
580 -21
581 -19
582 -21
583 -20
584 -20
585 -21
586 -18
587 -20
588 -20
589 -18
590 -16
591 -20
592 -20
593 -20
594 -20
595 -21
596 -21
597 -19
598 -18
599 -20
600 -19
601 -20
602 -21
603 -21
604 -19
605 -18
606 -19
607 -21
608 -19
609 -19
610 -21
611 -19
612 -13
613 -19
614 -21
615 -20
616 -19
617 -20
618 -20
619 -19
620 -20
621 -17
622 -18
623 -19
624 -21
625 -20
626 -19
627 -20
628 -20
629 -18
630 -19
631 -19
632 -19
633 -18
634 -19
635 -19
636 -19
637 -19
638 -20
639 -17
640 -18
641 -19
642 -17
643 -20
644 -21
645 -17
646 -19
647 -15
648 -18
649 -19
650 -21
651 -21
652 -18
653 -20
654 -21
655 -21
656 -21
657 -18
658 -15
659 -19
660 -19
661 -21
662 -21
663 -19
664 -18
665 -20
666 -21
667 -17
668 -21
669 -19
670 -18
671 -19
672 -18
673 -20
674 -18
675 -19
676 -17
677 -19
678 -20
679 -19
680 -18
681 -19
682 -20
683 -18
684 -16
685 -18
686 -20
687 -17
688 -19
689 -19
690 -20
691 -19
692 -16
693 -19
694 -21
695 -19
696 -18
697 -20
698 -19
699 -16
700 -19
701 -19
702 -21
703 -19
704 -16
705 -21
706 -19
707 -20
708 -18
709 -21
710 -16
711 -19
712 -20
713 -17
714 -21
715 -20
716 -17
717 -18
718 -17
719 -21
720 -18
721 -19
722 -20
723 -19
724 -19
725 -21
726 -16
727 -21
728 -21
729 -16
730 -18
731 -18
732 -21
733 -20
734 -17
735 -19
736 -19
737 -19
738 -21
739 -17
740 -18
741 -20
742 -18
743 -17
744 -21
745 -15
746 -19
747 -20
748 -19
749 -19
750 -21
751 -19
752 -17
753 -17
754 -19
755 -19
756 -19
757 -19
758 -18
759 -17
760 -20
761 -19
762 -18
763 -18
764 -21
765 -21
766 -19
767 -18
768 -20
769 -20
770 -19
771 -18
772 -18
773 -15
774 -18
775 -20
776 -18
777 -16
778 -20
779 -19
780 -20
781 -18
782 -18
783 -16
784 -17
785 -17
786 -16
787 -21
788 -16
789 -18
790 -18
791 -19
792 -20
793 -15
794 -19
795 -21
796 -19
797 -20
798 -19
799 -19
800 -18
801 -19
802 -18
803 -19
804 -21
805 -17
806 -21
807 -18
808 -17
809 -15
810 -16
811 -16
812 -17
813 -17
814 -16
815 -19
816 -19
817 -19
818 -18
819 -18
820 -21
821 -20
822 -21
823 -17
824 -17
825 -20
826 -19
827 -21
828 -19
829 -18
830 -16
831 -19
832 -19
833 -18
834 -19
835 -19
836 -20
837 -17
838 -20
839 -16
840 -18
841 -16
842 -18
843 -18
844 -20
845 -18
846 -20
847 -13
848 -21
849 -18
850 -21
851 -14
852 -19
853 -17
854 -20
855 -19
856 -16
857 -21
858 -18
859 -20
860 -19
861 -21
862 -20
863 -15
864 -18
865 -19
866 -19
867 -12
868 -17
869 -18
870 -15
871 -15
872 -20
873 -20
874 -20
875 -20
876 -19
877 -19
878 -19
879 -19
880 -19
881 -19
882 -19
883 -19
884 -20
885 -19
886 -12
887 -19
888 -18
889 -20
890 -15
891 -19
892 -17
893 -17
894 -18
895 -18
896 -15
897 -18
898 -18
899 -20
900 -16
901 -19
902 -19
903 -20
904 -21
905 -16
906 -17
907 -19
908 -17
909 -19
910 -19
911 -19
912 -20
913 -18
914 -19
915 -20
916 -21
917 -19
918 -17
919 -21
920 -17
921 -19
922 -18
923 -18
924 -17
925 -15
926 -20
927 -16
928 -17
929 -18
930 -20
931 -17
932 -16
933 -19
934 -17
935 -19
936 -17
937 -18
938 -19
939 -21
940 -16
941 -16
942 -20
943 -19
944 -19
945 -21
946 -18
947 -20
948 -19
949 -20
950 -19
951 -19
952 -21
953 -16
954 -19
955 -16
956 -18
957 -17
958 -16
959 -19
960 -15
961 -17
962 -21
963 -19
964 -15
965 -18
966 -18
967 -19
968 -20
969 -16
970 -19
971 -21
972 -17
973 -20
974 -19
975 -19
976 -18
977 -20
978 -18
979 -17
980 -20
981 -21
982 -19
983 -20
984 -17
985 -18
986 -18
987 -17
988 -15
989 -14
990 -16
991 -18
992 -19
993 -20
994 -20
995 -19
996 -21
997 -19
998 -21
999 -18
1000 -17
1001 -18
1002 -15
1003 -19
1004 -19
1005 -20
1006 -18
1007 -18
1008 -19
1009 -17
1010 -18
1011 -20
1012 -15
1013 -15
1014 -18
1015 -20
1016 -18
1017 -18
1018 -17
1019 -19
1020 -15
1021 -19
1022 -17
1023 -20
1024 -19
1025 -18
1026 -17
1027 -16
1028 -16
1029 -18
1030 -19
1031 -19
1032 -18
1033 -17
1034 -19
1035 -19
1036 -16
1037 -20
1038 -19
1039 -19
1040 -17
1041 -19
1042 -20
1043 -18
1044 -17
1045 -19
1046 -17
1047 -19
1048 -18
1049 -19
1050 -17
1051 -17
1052 -20
1053 -19
1054 -18
1055 -16
1056 -18
1057 -19
1058 -17
1059 -18
1060 -18
1061 -16
1062 -16
1063 -16
1064 -19
1065 -19
1066 -20
1067 -12
1068 -16
1069 -16
1070 -18
1071 -15
1072 -18
1073 -17
1074 -16
1075 -16
1076 -19
1077 -21
1078 -15
1079 -16
1080 -19
1081 -13
1082 -18
1083 -17
1084 -19
1085 -17
1086 -20
1087 -20
1088 -17
1089 -17
1090 -17
1091 -16
1092 -17
1093 -16
1094 -17
1095 -18
1096 -13
1097 -18
1098 -19
1099 -19
1100 -17
1101 -17
1102 -18
1103 -20
1104 -16
1105 -19
1106 -18
1107 -18
1108 -18
1109 -18
1110 -19
1111 -17
1112 -20
1113 -19
1114 -17
1115 -21
1116 -19
1117 -17
1118 -18
1119 -18
1120 -20
1121 -18
1122 -19
1123 -15
1124 -18
1125 -19
1126 -20
1127 -17
1128 -20
1129 -19
1130 -18
1131 -18
1132 -20
1133 -15
1134 -21
1135 -19
1136 -21
1137 -14
1138 -18
1139 -18
1140 -18
1141 -14
1142 -18
1143 -13
1144 -20
1145 -16
1146 -19
1147 -17
1148 -18
1149 -18
1150 -19
1151 -21
1152 -18
1153 -20
1154 -16
1155 -19
1156 -17
1157 -16
1158 -19
1159 -17
1160 -19
1161 -19
1162 -19
1163 -20
1164 -18
1165 -17
1166 -21
1167 -20
1168 -18
1169 -16
1170 -17
1171 -17
1172 -19
1173 -17
1174 -19
1175 -17
1176 -21
1177 -17
1178 -15
1179 -20
1180 -18
1181 -15
1182 -17
1183 -20
1184 -19
1185 -16
1186 -17
1187 -21
1188 -14
1189 -19
1190 -15
1191 -17
1192 -11
1193 -18
1194 -17
1195 -20
1196 -17
1197 -18
1198 -21
1199 -18
1200 -19
1201 -18
1202 -19
1203 -18
1204 -14
1205 -19
1206 -17
1207 -19
1208 -16
1209 -11
1210 -18
1211 -19
1212 -20
1213 -15
1214 -18
1215 -20
1216 -16
1217 -16
1218 -12
1219 -18
1220 -15
1221 -19
1222 -17
1223 -18
1224 -19
1225 -17
1226 -19
1227 -17
1228 -15
1229 -13
1230 -14
1231 -17
1232 -15
1233 -17
1234 -21
1235 -18
