
2 -21
3 -21
4 -21
5 -21
6 -21
7 -21
8 -21
9 -19
10 -21
11 -21
12 -21
13 -21
14 -21
15 -21
16 -20
17 -20
18 -20
19 -20
20 -21
21 -20
22 -21
23 -20
24 -21
25 -20
26 -19
27 -21
28 -19
29 -20
30 -21
31 -18
32 -21
33 -19
34 -21
35 -21
36 -19
37 -20
38 -21
39 -21
40 -21
41 -19
42 -20
43 -21
44 -19
45 -21
46 -20
47 -20
48 -21
49 -19
50 -21
51 -20
52 -20
53 -21
54 -20
55 -21
56 -21
57 -21
58 -19
59 -19
60 -21
61 -21
62 -20
63 -21
64 -19
65 -21
66 -20
67 -20
68 -21
69 -21
70 -21
71 -20
72 -21
73 -21
74 -21
75 -20
76 -21
77 -21
78 -21
79 -21
80 -21
81 -21
82 -21
83 -20
84 -21
85 -18
86 -21
87 -20
88 -21
89 -21
90 -20
91 -21
92 -21
93 -20
94 -21
95 -20
96 -20
97 -19
98 -19
99 -19
100 -21
101 -20
102 -21
103 -21
104 -21
105 -20
106 -20
107 -21
108 -21
109 -21
110 -21
111 -21
112 -20
113 -21
114 -21
115 -20
116 -20
117 -21
118 -21
119 -20
120 -21
121 -21
122 -20
123 -19
124 -21
125 -19
126 -21
127 -20
128 -20
129 -16
130 -19
131 -20
132 -20
133 -20
134 -19
135 -21
136 -20
137 -21
138 -21
139 -20
140 -21
141 -21
142 -21
143 -21
144 -20
145 -21
146 -21
147 -21
148 -19
149 -21
150 -21
151 -20
152 -21
153 -20
154 -21
155 -20
156 -20
157 -21
158 -21
159 -18
160 -21
161 -21
162 -21
163 -20
164 -21
165 -20
166 -21
167 -19
168 -20
169 -21
170 -18
171 -21
172 -21
173 -19
174 -20
175 -20
176 -21
177 -21
178 -20
179 -20
180 -21
181 -21
182 -21
183 -20
184 -18
185 -21
186 -20
187 -20
188 -18
189 -21
190 -21
191 -21
192 -21
193 -16
194 -18
195 -21
196 -20
197 -19
198 -20
199 -19
200 -17
201 -20
202 -21
203 -18
204 -20
205 -20
206 -20
207 -21
208 -21
209 -19
210 -20
211 -21
212 -21
213 -20
214 -20
215 -21
216 -19
217 -21
218 -19
219 -21
220 -19
221 -21
222 -20
223 -19
224 -19
225 -21
226 -18
227 -21
228 -21
229 -19
230 -21
231 -21
232 -19
233 -21
234 -20
235 -21
236 -20
237 -18
238 -20
239 -19
240 -20
241 -20
242 -19
243 -18
244 -19
245 -21
246 -19
247 -20
248 -20
249 -21
250 -21
251 -21
252 -20
253 -21
254 -19
255 -21
256 -19
257 -18
258 -21
259 -21
260 -19
261 -19
262 -21
263 -19
264 -18
265 -21
266 -21
267 -19
268 -20
269 -21
270 -20
271 -20
272 -19
273 -21
274 -20
275 -21
276 -20
277 -19
278 -21
279 -21
280 -20
281 -21
282 -21
283 -21
284 -21
285 -21
286 -19
287 -21
288 -21
289 -20
290 -19
291 -20
292 -20
293 -21
294 -21
295 -20
296 -21
297 -20
298 -17
299 -21
300 -20
301 -21
302 -19
303 -21
304 -20
305 -20
306 -19
307 -21
308 -21
309 -21
310 -20
311 -18
312 -21
313 -19
314 -20
315 -21
316 -21
317 -19
318 -20
319 -20
320 -21
321 -21
322 -19
323 -21
324 -20
325 -19
326 -16
327 -21
328 -21
329 -18
330 -20
331 -20
332 -20
333 -18
334 -19
335 -21
336 -19
337 -21
338 -18
339 -19
340 -21
341 -19
342 -21
343 -19
344 -20
345 -19
346 -17
347 -19
348 -20
349 -21
350 -20
351 -20
352 -20
353 -20
354 -18
355 -21
356 -21
357 -19
358 -18
359 -21
360 -20
361 -17
362 -20
363 -20
364 -20
365 -18
366 -20
367 -15
368 -21
369 -21
370 -21
371 -19
372 -20
373 -20
374 -20
375 -20
376 -20
377 -20
378 -21
379 -20
380 -16
381 -20
382 -21
383 -20
384 -19
385 -19
386 -20
387 -21
388 -18
389 -19
390 -21
391 -20
392 -21
393 -18
394 -21
395 -21
396 -21
397 -19
398 -18
399 -21
400 -20
401 -19
402 -20
403 -19
404 -20
405 -19
406 -21
407 -21
408 -17
409 -21
410 -21
411 -19
412 -20
413 -19
414 -19
415 -21
416 -20
417 -20
418 -20
419 -20
420 -20
421 -19
422 -21
423 -21
424 -21
425 -19
426 -18
427 -19
428 -21
429 -20
430 -19
431 -19
432 -20
433 -21
434 -20
435 -20
436 -18
437 -20
438 -19
439 -21
440 -18
441 -21
442 -21
443 -21
444 -21
445 -15
446 -20
447 -16
448 -17
449 -21
450 -20
451 -19
452 -21
453 -21
454 -21
455 -18
456 -21
457 -21
458 -21
459 -21
460 -20
461 -21
462 -20
463 -20
464 -19
465 -20
466 -19
467 -19
468 -21
469 -18
470 -19
471 -21
472 -20
473 -19
474 -18
475 -18
476 -18
477 -21
478 -19
479 -20
480 -19
481 -21
482 -17
483 -20
484 -20
485 -20
486 -20
487 -17
488 -21
489 -18
490 -18
491 -21
492 -20
493 -19
494 -21
495 -17
496 -20
497 -19
498 -18
499 -16
500 -21
501 -20
502 -21
503 -19
504 -21
505 -21
506 -18
507 -18
508 -20
509 -18
510 -20
511 -19
512 -16
513 -19
514 -18
515 -20
516 -20
517 -21
518 -21
519 -21
520 -21
521 -21
522 -19
523 -19
524 -21
525 -21
526 -19
527 -21
528 -20
529 -20
530 -21
531 -16
532 -19
533 -19
534 -20
535 -19
536 -19
537 -20
538 -19
539 -21
540 -19
541 -20
542 -20
543 -21
544 -21
545 -18
546 -19
547 -21
548 -21
549 -19
550 -21
551 -20
552 -20
553 -20
554 -17
555 -21
556 -21
557 -20
558 -20
559 -17
560 -19
561 -17
562 -19
563 -21
564 -16
565 -18
566 -19
567 -20
568 -20
569 -19
570 -19
571 -19
572 -19
573 -19
574 -21
575 -21
576 -21
577 -20
578 -20
579 -21
580 -21
581 -19
582 -21
583 -20
584 -20
585 -21
586 -18
587 -20
588 -20
589 -18
590 -16
591 -20
592 -20
593 -20
594 -20
595 -21
596 -21
597 -19
598 -18
599 -20
600 -19
601 -20
602 -21
603 -21
604 -19
605 -18
606 -19
607 -21
608 -19
609 -19
610 -21
611 -19
612 -13
613 -19
614 -21
615 -20
616 -19
617 -20
618 -20
619 -19
620 -20
621 -17
622 -18
623 -19
624 -21
625 -20
626 -19
627 -20
628 -20
629 -18
630 -19
631 -19
632 -19
633 -18
634 -19
635 -19
636 -19
637 -19
638 -20
639 -17
640 -18
641 -19
642 -17
643 -20
644 -21
645 -17
646 -19
647 -15
648 -18
649 -19
650 -21
651 -21
652 -18
653 -20
654 -21
655 -21
656 -21
657 -18
658 -15
659 -19
660 -19
661 -21
662 -21
663 -19
664 -18
665 -20
666 -21
667 -17
668 -21
669 -19
670 -18
671 -19
672 -18
673 -20
674 -18
675 -19
676 -17
677 -19
678 -20
679 -19
680 -18
681 -19
682 -20
683 -18
684 -16
685 -18
686 -20
687 -17
688 -19
689 -19
690 -20
691 -19
692 -16
693 -19
694 -21
695 -19
696 -18
697 -20
698 -19
699 -16
700 -19
701 -19
702 -21
703 -19
704 -16
705 -21
706 -19
707 -20
708 -18
709 -21
710 -16
711 -19
712 -20
713 -17
714 -21
715 -20
716 -17
717 -18
718 -17
719 -21
720 -18
721 -19
722 -20
723 -19
724 -19
725 -21
726 -16
727 -21
728 -21
729 -16
730 -18
731 -18
732 -21
733 -20
734 -17
735 -19
736 -19
737 -19
738 -21
739 -17
740 -18
741 -20
742 -18
743 -17
744 -21
745 -15
746 -19
747 -20
748 -19
749 -19
750 -21
751 -19
752 -17
753 -17
754 -19
755 -19
756 -19
757 -19
758 -18
759 -17
760 -20
761 -19
762 -18
763 -18
764 -21
765 -21
766 -19
767 -18
768 -20
769 -20
770 -19
771 -18
772 -18
773 -15
774 -18
775 -20
776 -18
777 -16
778 -20
779 -19
780 -20
781 -18
782 -18
783 -16
784 -17
785 -17
786 -16
787 -21
788 -16
789 -18
790 -18
791 -19
792 -20
793 -15
794 -19
795 -21
796 -19
797 -20
798 -19
799 -19
800 -18
801 -19
802 -18
803 -19
804 -21
805 -17
806 -21
807 -18
808 -17
809 -15
810 -16
811 -16
812 -17
813 -17
814 -16
815 -19
816 -19
817 -19
818 -18
819 -18
820 -21
821 -20
822 -21
823 -17
824 -17
825 -20
826 -19
827 -21
828 -19
829 -18
830 -16
831 -19
832 -19
833 -18
834 -19
835 -19
836 -20
837 -17
838 -20
839 -16
840 -18
841 -16
842 -18
843 -18
844 -20
845 -18
846 -20
847 -13
848 -21
849 -18
850 -21
851 -14
852 -19
853 -17
854 -20
855 -19
856 -16
857 -21
858 -18
859 -20
860 -19
861 -21
862 -20
863 -15
864 -18
865 -19
866 -19
867 -12
868 -17
869 -18
870 -15
871 -15
872 -20
873 -20
874 -20
875 -20
876 -19
877 -19
878 -19
879 -19
880 -19
881 -19
882 -19
883 -19
884 -20
885 -19
886 -12
887 -19
888 -18
889 -20
890 -15
891 -19
892 -17
893 -17
894 -18
895 -18
896 -15
897 -18
898 -18
899 -20
900 -16
901 -19
902 -19
903 -20
904 -21
905 -16
906 -17
907 -19
908 -17
909 -19
910 -19
911 -19
912 -20
913 -18
914 -19
915 -20
916 -21
917 -19
918 -17
919 -21
920 -17
921 -19
922 -18
923 -18
924 -17
925 -15
926 -20
927 -16
928 -17
929 -18
930 -20
931 -17
932 -16
933 -19
934 -17
935 -19
936 -17
937 -18
938 -19
939 -21
940 -16
941 -16
942 -20
943 -19
944 -19
945 -21
946 -18
947 -20
948 -19
949 -20
950 -19
951 -19
952 -21
953 -16
954 -19
955 -16
956 -18
957 -17
958 -16
959 -19
960 -15
961 -17
962 -21
963 -19
964 -15
965 -18
966 -18
967 -19
968 -20
969 -16
970 -19
971 -21
972 -17
973 -20
974 -19
975 -19
976 -18
977 -20
978 -18
979 -17
980 -20
981 -21
982 -19
983 -20
984 -17
985 -18
986 -18
987 -17
988 -15
989 -14
990 -16
991 -18
992 -19
993 -20
994 -20
995 -19
996 -21
997 -19
998 -21
999 -18
1000 -17
1001 -18
1002 -15
1003 -19
1004 -19
1005 -20
1006 -18
1007 -18
1008 -19
1009 -17
1010 -18
1011 -20
1012 -15
1013 -15
1014 -18
1015 -20
1016 -18
1017 -18
1018 -17
1019 -19
1020 -15
1021 -19
1022 -17
1023 -20
1024 -19
1025 -18
1026 -17
1027 -16
1028 -16
1029 -18
1030 -19
1031 -19
1032 -18
1033 -17
1034 -19
1035 -19
1036 -16
1037 -20
1038 -19
1039 -19
1040 -17
1041 -19
1042 -20
1043 -18
1044 -17
1045 -19
1046 -17
1047 -19
1048 -18
1049 -19
1050 -17
1051 -17
1052 -20
1053 -19
1054 -18
1055 -16
1056 -18
1057 -19
1058 -17
1059 -18
1060 -18
1061 -16
1062 -16
1063 -16
1064 -19
1065 -19
1066 -20
1067 -12
1068 -16
1069 -16
1070 -18
1071 -15
1072 -18
1073 -17
1074 -16
1075 -16
1076 -19
1077 -21
1078 -15
1079 -16
1080 -19
1081 -13
1082 -18
1083 -17
1084 -19
1085 -17
1086 -20
1087 -20
1088 -17
1089 -17
1090 -17
1091 -16
1092 -17
1093 -16
1094 -17
1095 -18
1096 -13
1097 -18
1098 -19
1099 -19
1100 -17
1101 -17
1102 -18
1103 -20
1104 -16
1105 -19
1106 -18
1107 -18
1108 -18
1109 -18
1110 -19
1111 -17
1112 -20
1113 -19
1114 -17
1115 -21
1116 -19
1117 -17
1118 -18
1119 -18
1120 -20
1121 -18
1122 -19
1123 -15
1124 -18
1125 -19
1126 -20
1127 -17
1128 -20
1129 -19
1130 -18
1131 -18
1132 -20
1133 -15
1134 -21
1135 -19
1136 -21
1137 -14
1138 -18
1139 -18
1140 -18
1141 -14
1142 -18
1143 -13
1144 -20
1145 -16
1146 -19
1147 -17
1148 -18
1149 -18
1150 -19
1151 -21
1152 -18
1153 -20
1154 -16
1155 -19
1156 -17
1157 -16
1158 -19
1159 -17
1160 -19
1161 -19
1162 -19
1163 -20
1164 -18
1165 -17
1166 -21
1167 -20
1168 -18
1169 -16
1170 -17
1171 -17
1172 -19
1173 -17
1174 -19
1175 -17
1176 -21
1177 -17
1178 -15
1179 -20
1180 -18
1181 -15
1182 -17
1183 -20
1184 -19
1185 -16
1186 -17
1187 -21
1188 -14
1189 -19
1190 -15
1191 -17
1192 -11
1193 -18
1194 -17
1195 -20
1196 -17
1197 -18
1198 -21
1199 -18
1200 -19
1201 -18
1202 -19
1203 -18
1204 -14
1205 -19
1206 -17
1207 -19
1208 -16
1209 -11
1210 -18
1211 -19
1212 -20
1213 -15
1214 -18
1215 -20
1216 -16
1217 -16
1218 -12
1219 -18
1220 -15
1221 -19
1222 -17
1223 -18
1224 -19
1225 -17
1226 -19
1227 -17
1228 -15
1229 -13
1230 -14
1231 -17
1232 -15
1233 -17
1234 -21
1235 -18
1236 -17
1237 -19
1238 -16
1239 -14
1240 -20
1241 -19
1242 -19
1243 -16
1244 -17
1245 -16
1246 -21
1247 -17
1248 -17
1249 -19
1250 -10
1251 -16
1252 -15
1253 -20
1254 -18
1255 -14
1256 -16
1257 -18
1258 -19
1259 -18
1260 -15
1261 -19
1262 -17
1263 -21
1264 -18
1265 -17
1266 -16
1267 -16
1268 -14
1269 -21
1270 -16
1271 -17
1272 -17
1273 -19
1274 -14
1275 -11
1276 -20
1277 -13
1278 -17
1279 -18
1280 -19
1281 -20
1282 -19
1283 -19
1284 -19
1285 -18
1286 -17
1287 -16
1288 -15
1289 -16
1290 -17
1291 -19
1292 -13
1293 -16
1294 -19
1295 -13
1296 -18
1297 -15
1298 -16
1299 -18
1300 -18
1301 -19
1302 -19
1303 -16
1304 -15
1305 -12
1306 -16
1307 -17
1308 -16
1309 -18
1310 -17
1311 -21
1312 -16
1313 -17
1314 -17
1315 -17
1316 -17
1317 -17
1318 -18
1319 -17
1320 -13
1321 -13
1322 -13
1323 -17
1324 -11
1325 -13
1326 -18
1327 -17
1328 -15
1329 -16
1330 -16
1331 -19
1332 -18
1333 -20
1334 -12
1335 -16
1336 -17
1337 -14
1338 -19
1339 -17
1340 -12
1341 -14
1342 -18
1343 -17
1344 -16
1345 -17
1346 -19
1347 -14
1348 -21
1349 -18
1350 -17
1351 -17
1352 -12
1353 -16
1354 -17
1355 -17
1356 -16
1357 -18
1358 -13
1359 -10
1360 -19
1361 -18
1362 -17
1363 -12
1364 -15
1365 -14
1366 -18
1367 -17
1368 -15
1369 -21
1370 -15
1371 -10
1372 -17
1373 -14
1374 -17
1375 -14
1376 -18
1377 -17
1378 -20
1379 -17
1380 -18
1381 -14
1382 -20
1383 -16
1384 -15
1385 -14
1386 -19
1387 -16
1388 -17
1389 -19
1390 -12
1391 -17
1392 -20
1393 -16
1394 -15
1395 -17
1396 -17
1397 -14
1398 -16
1399 -20
1400 -13
1401 -19
1402 -9
1403 -12
1404 -16
1405 -15
1406 -17
1407 -16
1408 -17
1409 -11
1410 -13
1411 -13
1412 -19
1413 -15
1414 -19
1415 -15
1416 -15
1417 -13
1418 -17
1419 -16
1420 -18
1421 -13
1422 -9
1423 -18
1424 -18
1425 -13
1426 -18
1427 -19
1428 -14
1429 -18
1430 -16
1431 -15
1432 -13
1433 -17
1434 -16
1435 -13
1436 -13
1437 -18
1438 -19
1439 -17
1440 -19
1441 -18
1442 -15
1443 -14
1444 -9
1445 -15
1446 -21
1447 -15
1448 -19
1449 -16
1450 -14
1451 -21
1452 -16
1453 -14
1454 -13
1455 -16
1456 -18
1457 -13
1458 -10
1459 -14
1460 -17
1461 -19
1462 -17
1463 -15
1464 -16
1465 -16
1466 -11
1467 -19
1468 -17
1469 -15
1470 -17
1471 -15
1472 -17
1473 -17
1474 -15
1475 -16
1476 -19
1477 -17
1478 -15
1479 -17
1480 -12
1481 -16
1482 -12
1483 -16
1484 -18
1485 -16
1486 -17
1487 -13
1488 -17
1489 -16
1490 -15
1491 -11
1492 -15
1493 -15
1494 -13
1495 -17
1496 -16
1497 -18
1498 -18
1499 -17
1500 -14
1501 -19
1502 -11
1503 -12
1504 -13
1505 -18
1506 -17
1507 -21
1508 -11
1509 -13
1510 -18
1511 -19
1512 -19
1513 -15
1514 -16
1515 -15
1516 -19
1517 -13
1518 -18
1519 -15
1520 -16
1521 -13
1522 -7
1523 -18
1524 -14
1525 -16
1526 -16
1527 -15
1528 -20
1529 -16
1530 -15
1531 -15
1532 -17
1533 -21
1534 -15
1535 -20
1536 -18
1537 -12
1538 -12
1539 -17
1540 -19
1541 -12
1542 -13
1543 -17
1544 -15
1545 -14
1546 -14
1547 -13
1548 -19
1549 -16
1550 -14
1551 -16
1552 -17
1553 -14
1554 -11
1555 -9
1556 -16
1557 -15
1558 -20
1559 -19
1560 -13
1561 -15
1562 -12
1563 -7
1564 -15
1565 -15
1566 -18
1567 -11
1568 -14
1569 -18
1570 -15
1571 -12
1572 -16
1573 -16
1574 -15
1575 -17
1576 -16
1577 -19
1578 -14
1579 -10
1580 -15
1581 -14
1582 -13
1583 -18
1584 -18
1585 -13
1586 -8
1587 -15
1588 -16
1589 -10
1590 -17
1591 -18
1592 -11
1593 -14
1594 -14
1595 -17
1596 -18
1597 -9
1598 -15
1599 -3
1600 -15
1601 -13
1602 -16
1603 -12
1604 -12
1605 -11
1606 -13
1607 -14
1608 -19
1609 -10
1610 -16
1611 -15
1612 -12
1613 -16
1614 -18
1615 -18
1616 -15
1617 -16
1618 -17
1619 -15
1620 -14
1621 -17
1622 -15
1623 -16
1624 -12
1625 -18
1626 -18
1627 -19
1628 -12
1629 -13
1630 -11
1631 -13
1632 -15
1633 -14
1634 -12
1635 -15
1636 -14
1637 -16
1638 -9
1639 -17
1640 -10
1641 -15
1642 -15
1643 -13
1644 -12
1645 -14
1646 -17
1647 -17
1648 -13
1649 -13
1650 -18
1651 -12
1652 -11
1653 -19
1654 -15
1655 -17
1656 -9
1657 -18
1658 -13
1659 -12
1660 -10
1661 -15
1662 -14
1663 -19
1664 -12
1665 -14
1666 -7
1667 -12
1668 -15
1669 -14
1670 -19
1671 -11
1672 -15
1673 -9
1674 -17
1675 -14
1676 -11
1677 -19
1678 -8
1679 -17
1680 -15
1681 -12
1682 -16
1683 -14
1684 -11
1685 -21
1686 -9
1687 -18
1688 -19
1689 -13
1690 -18
1691 -11
1692 -17
1693 -15
1694 -18
1695 -19
1696 -18
1697 -15
1698 -15
1699 -9
1700 -15
1701 -15
1702 -17
1703 -10
1704 -16
1705 -13
1706 -17
1707 -15
1708 -19
1709 -7
1710 -14
1711 -16
1712 -20
1713 -12
1714 -12
1715 -12
1716 -7
1717 -14
1718 -15
1719 -11
1720 -10
1721 -13
1722 -16
1723 -13
1724 -16
1725 -14
1726 -19
1727 -13
1728 -17
1729 -7
1730 -13
1731 -19
1732 -15
1733 -15
1734 -16
1735 -14
1736 -17
1737 -9
1738 -14
1739 -14
1740 -13
1741 -16
1742 -19
1743 -19
1744 -15
1745 -15
1746 -19
1747 -16
1748 -18
1749 -11
1750 -16
1751 -9
1752 -11
1753 -12
1754 -15
1755 -18
1756 -9
1757 -15
1758 -16
1759 -11
1760 -10
1761 -8
1762 -14
1763 -11
1764 -11
1765 -10
1766 -14
1767 -13
1768 -19
1769 -17
1770 -9
1771 -11
1772 -13
1773 -17
1774 -8
1775 -13
1776 -9
1777 -18
1778 -15
1779 -8
1780 -15
1781 -14
1782 -11
1783 -13
1784 -12
1785 -18
1786 -15
1787 -13
1788 -13
1789 -11
1790 -12
1791 -13
1792 -17
1793 -15
1794 -11
1795 -7
1796 -17
1797 -11
1798 -17
1799 -8
1800 -14
1801 -15
1802 -9
1803 -17
1804 -15
1805 -4
1806 -10
1807 -5
1808 -12
1809 -15
1810 -13
1811 -14
1812 -16
1813 -15
1814 -16
1815 -11
1816 -10
1817 -15
1818 -12
1819 -14
1820 -15
1821 -6
1822 -19
1823 -12
1824 -12
1825 -16
1826 -19
1827 -13
1828 -11
1829 -16
1830 -15
1831 -12
1832 -17
1833 -14
1834 -12
1835 -12
1836 -17
1837 -10
1838 -17
1839 -15
1840 -17
1841 -15
1842 -17
1843 -8
1844 -15
1845 -16
1846 -10
1847 -13
1848 -19
1849 -13
1850 -16
1851 -17
1852 -16
1853 -10
1854 -14
1855 -13
1856 -12
1857 -15
1858 -7
1859 -14
1860 -13
1861 -21
1862 -17
1863 -13
1864 -14
1865 -11
1866 -14
1867 -16
1868 -12
1869 -6
1870 -15
1871 -14
1872 -15
1873 -15
1874 -11
1875 -11
1876 -14
1877 -9
1878 -17
1879 -16
1880 -16
1881 -16
1882 -11
1883 -18
1884 -15
1885 -16
1886 -19
1887 -17
1888 -12
1889 -15
1890 -13
1891 -13
1892 -19
1893 -13
1894 -10
1895 -16
1896 -14
1897 -8
1898 -14
1899 -9
1900 -11
1901 -7
1902 -16
1903 -9
1904 -15
1905 -12
1906 -16
1907 -9
1908 -13
1909 -20
1910 -19
1911 -11
1912 -17
1913 -19
1914 -15
1915 -13
1916 -15
1917 -17
1918 -12
1919 -13
1920 -18
1921 -18
1922 -17
1923 -13
1924 -14
1925 -17
1926 -19
1927 -13
1928 -12
1929 -15
1930 -11
1931 -13
1932 -17
1933 -14
1934 -11
1935 -12
1936 -14
1937 -19
1938 -13
1939 -15
1940 -12
1941 -9
1942 -10
1943 -15
1944 -11
1945 -18
1946 -11
1947 -12
1948 -11
1949 -14
1950 -11
1951 -12
1952 -17
1953 -11
1954 -17
1955 -18
1956 -17
1957 -11
1958 -13
1959 -18
1960 -17
1961 -7
1962 -12
1963 -13
1964 -13
1965 -17
1966 -9
1967 -17
1968 -16
1969 -13
1970 -16
1971 -17
1972 -20
1973 -12
1974 -15
1975 -15
1976 -20
1977 -19
1978 -19
1979 -14
1980 -9
1981 -15
1982 -17
1983 -14
1984 -3
1985 -13
1986 -7
1987 -9
1988 -12
1989 -11
1990 -9
1991 -14
1992 -10
1993 -17
1994 -5
1995 -13
1996 -10
1997 -13
1998 -10
1999 -12
2000 -16
2001 -15
2002 -11
2003 -17
2004 -10
2005 -11
2006 -12
2007 -8
2008 -13
2009 -15
2010 -18
2011 -16
2012 -15
2013 -14
2014 -8
2015 -15
2016 -13
2017 -9
2018 -19
2019 -13
2020 -14
2021 -15
2022 -12
2023 -17
2024 -15
2025 -13
2026 -15
2027 -14
2028 -11
2029 -14
2030 -15
2031 -14
2032 -10
2033 -16
2034 -13
2035 -17
2036 -5
2037 -13
2038 -4
2039 -13
2040 -11
2041 -12
2042 -18
2043 -11
2044 -13
2045 -15
2046 -4
2047 -9
2048 -12
2049 -7
2050 -12
2051 -12
2052 -11
2053 -12
2054 -13
2055 -10
2056 -12
2057 -15
2058 -16
2059 -9
2060 -13
2061 -10
2062 -11
2063 -13
2064 -12
2065 -9
2066 -15
2067 -18
2068 -14
2069 -14
2070 -12
2071 -19
2072 -19
2073 -13
2074 -15
2075 -6
2076 -9
2077 -9
2078 -20
2079 -11
2080 -6
2081 -17
2082 -14
2083 -12
2084 -9
2085 -14
2086 -4
2087 -14
2088 -15
2089 -11
2090 -16
2091 -6
2092 -10
2093 -15
2094 -19
2095 -12
2096 -15
2097 -15
2098 -8
2099 -12
2100 -9
2101 -11
2102 -15
2103 -15
2104 -11
2105 -15
2106 -14
2107 -11
2108 -8
2109 -14
2110 -9
2111 -9
2112 -9
2113 -13
2114 -6
2115 -16
2116 -13
2117 -15
2118 -10
2119 -13
2120 -17
2121 -13
2122 -17
2123 -14
2124 -16
2125 -16
2126 -16
2127 -15
2128 -11
2129 -11
2130 -9
2131 -15
2132 -16
2133 -15
2134 -16
2135 -13
2136 -17
2137 -19
2138 -7
2139 -14
2140 -17
2141 -3
2142 -16
2143 -13
2144 -18
2145 -10
2146 -9
2147 -14
2148 -13
2149 -15
2150 -9
2151 -15
2152 -13
2153 -14
2154 -11
2155 -5
2156 -16
2157 -19
2158 -9
2159 -11
2160 -4
2161 -12
2162 -14
2163 -9
2164 -6
2165 -13
2166 -6
2167 -13
2168 -7
2169 -9
2170 -9
2171 -15
2172 -3
2173 -7
2174 -17
2175 -15
2176 -11
2177 -12
2178 -11
2179 -17
2180 -9
2181 -8
2182 -16
2183 -10
2184 -8
2185 -9
2186 -13
2187 -10
2188 -11
2189 -10
2190 -16
2191 -13
2192 -14
2193 -11
2194 -16
2195 -17
2196 -10
2197 -16
2198 -11
2199 -15
2200 -12
2201 -13
2202 -12
2203 -15
2204 -11
2205 -16
2206 5
2207 -16
2208 -18
2209 -12
2210 -15
2211 -11
2212 -11
2213 -15
2214 -15
2215 -13
2216 -6
2217 -18
2218 -19
2219 -14
2220 -8
2221 -3
2222 -10
2223 -14
2224 -12
2225 -12
2226 -12
2227 -15
2228 -16
2229 -13
2230 -6
2231 -13
2232 -13
2233 -7
2234 -4
2235 -10
2236 -11
2237 -12
2238 -6
2239 -12
2240 -11
2241 -18
2242 -12
2243 -9
2244 -9
2245 -13
2246 -4
2247 -17
2248 -14
2249 -10
2250 -6
2251 -6
2252 -8
2253 -14
2254 -14
2255 -13
2256 -14
2257 -14
2258 -8
2259 -15
2260 -17
2261 -12
2262 -14
2263 -17
2264 -12
2265 -8
2266 -9
2267 -11
2268 -18
2269 -8
2270 -12
2271 -8
2272 -19
2273 -8
2274 -12
2275 -12
2276 -15
2277 -13
2278 -16
2279 -12
2280 -12
2281 -11
2282 -12
2283 -9
2284 -13
2285 -9
2286 -14
2287 -11
2288 -7
2289 -19
2290 -10
2291 -9
2292 -12
2293 -17
2294 -7
2295 -12
2296 -17
2297 -12
2298 -9
2299 -11
2300 -15
2301 -4
2302 -5
2303 -15
2304 -11
2305 -19
2306 -10
2307 -13
2308 -13
2309 -9
2310 -13
2311 -15
2312 -12
2313 -9
2314 -9
2315 -12
2316 -16
2317 -1
2318 -11
2319 -14
2320 -13
2321 -15
2322 -6
2323 -9
2324 -11
2325 -6
2326 -7
2327 -9
2328 -12
2329 -11
2330 -15
2331 -10
2332 -13
2333 -6
2334 -15
2335 -9
2336 -7
2337 -10
2338 -7
2339 -14
2340 -13
2341 -15
2342 -14
2343 -13
2344 -14
2345 -11
2346 -7
2347 -3
2348 -18
2349 -11
2350 -7
2351 -12
2352 -6
2353 -12
2354 -13
2355 -6
2356 -18
2357 -9
2358 -11
2359 -10
2360 -11
2361 -9
2362 -9
2363 -6
2364 -10
2365 -14
2366 -11
2367 -11
2368 -11
2369 -19
2370 -9
2371 -14
2372 -19
2373 -15
2374 -10
2375 -12
2376 -14
2377 -15
2378 -13
2379 -6
2380 -14
2381 -13
2382 -15
2383 -10
2384 -14
2385 -13
2386 -9
2387 -6
2388 -13
2389 -6
2390 -15
2391 -13
2392 -5
2393 -15
2394 -15
2395 -8
2396 -11
2397 -9
2398 -12
2399 -14
2400 -11
2401 -9
2402 -4
2403 -11
2404 -11
2405 -5
2406 -5
2407 -19
2408 -15
2409 -11
2410 -14
2411 -15
2412 -18
2413 -15
2414 -12
2415 -9
2416 -13
2417 -13
2418 -8
2419 -7
2420 -12
2421 -10
2422 -13
2423 -14
2424 -15
2425 -6
2426 -11
2427 -11
2428 -10
2429 -8
2430 -5
2431 -5
2432 -13
2433 -9
2434 -5
2435 -3
2436 -15
2437 -6
2438 7
2439 -7
2440 -15
2441 -14
2442 -12
2443 -3
2444 3
2445 -16
2446 -17
2447 -9
2448 -11
2449 -17
2450 -8
2451 -8
2452 -13
2453 -13
2454 -7
2455 -9
2456 -12
2457 -11
2458 -17
2459 -7
2460 -3
2461 -14
2462 -20
2463 -9
2464 -14
2465 -11
2466 -11
2467 -15
2468 -15
2469 -12
2470 -12
2471 -8
2472 -3
2473 -9
2474 -11
2475 -13
2476 -9
2477 -9
2478 -9
2479 -1
2480 -9
2481 -11
2482 -15
2483 -4
2484 -11
2485 -9
2486 -6
2487 -19
2488 -11
2489 -12
2490 -14
2491 -13
2492 -6
2493 -17
2494 -11
2495 -17
2496 -13
2497 -12
2498 -12
2499 -7
2500 -10
2501 -6
2502 -14
2503 -8
2504 -11
2505 -6
2506 -11
2507 -14
2508 -12
2509 -8
2510 -8
2511 -13
2512 -3
2513 -13
2514 -10
2515 -5
2516 -9
2517 -13
2518 -9
2519 -11
2520 -7
2521 -15
2522 -15
2523 -10
2524 -10
2525 -7
2526 -8
2527 -8
2528 -12
2529 -12
2530 -13
2531 -14
2532 -13
2533 -6
2534 -8
2535 1
2536 -13
2537 -8
2538 -14
2539 -8
2540 -15
2541 -14
2542 -13
2543 -6
2544 -19
2545 -9
2546 -11
2547 -16
2548 -12
2549 -11
2550 -7
2551 -13
2552 -12
2553 -6
2554 -3
2555 -17
2556 -12
2557 -1
2558 5
2559 -13
2560 2
2561 -6
2562 -16
2563 -9
2564 -11
2565 -15
2566 -1
2567 -15
2568 -16
2569 -7
2570 -13
2571 -17
2572 -3
2573 -10
2574 -13
2575 -12
2576 -5
2577 -14
2578 -8
2579 -9
2580 -3
2581 -18
2582 2
2583 -10
2584 -16
2585 -14
2586 -5
2587 -11
2588 -13
2589 -14
2590 -14
2591 -15
2592 -13
2593 -8
2594 -6
2595 -12
2596 -4
2597 -15
2598 -6
2599 -11
2600 -12
2601 -3
2602 -12
2603 -15
2604 -8
2605 -9
2606 -6
2607 -7
2608 -9
2609 -15
2610 -15
2611 -9
2612 -15
2613 -8
2614 -9
2615 -13
2616 -15
2617 4
2618 -9
2619 -12
2620 -1
2621 -11
2622 -11
2623 -7
2624 -13
2625 -6
2626 -13
2627 6
2628 -12
2629 -12
2630 -15
2631 3
2632 -9
2633 -16
2634 -16
2635 -8
2636 -11
2637 -13
2638 -17
2639 -4
2640 7
2641 -9
2642 -9
2643 -11
2644 -15
2645 -14
2646 -6
2647 -10
2648 -16
2649 -17
2650 -15
2651 -15
2652 -15
2653 -12
2654 -15
2655 -10
2656 -11
2657 -6
2658 -9
2659 -16
2660 -7
2661 -9
2662 -8
2663 -11
2664 -14
2665 -9
2666 -13
2667 -14
2668 -13
2669 -11
2670 -12
2671 -13
2672 -8
2673 -5
2674 -4
2675 -8
2676 -12
2677 -12
2678 -16
2679 -9
2680 -10
2681 1
2682 -10
2683 -5
2684 -3
2685 -15
2686 -17
2687 -9
2688 -13
2689 -3
2690 -3
2691 -2
2692 -8
2693 -13
2694 -17
2695 -3
2696 -3
2697 -5
2698 -4
2699 -11
2700 -4
2701 -12
2702 -7
2703 -5
2704 -16
2705 -11
2706 -9
2707 -9
2708 -11
2709 -14
2710 -11
2711 -10
2712 -18
2713 -8
2714 -14
2715 -13
2716 -3
2717 -3
2718 -8
2719 -15
2720 -14
2721 -5
2722 -14
2723 -10
2724 -10
2725 -18
2726 -11
2727 -7
2728 -4
2729 -13
2730 -12
2731 -7
2732 -12
2733 -7
2734 -10
2735 -11
2736 -17
2737 -11
2738 -4
2739 -12
2740 -10
2741 -13
2742 -9
2743 -11
2744 -10
2745 -12
2746 -15
2747 -11
2748 -16
2749 -15
2750 -15
2751 -4
2752 -5
2753 -12
2754 -7
2755 -8
2756 -14
2757 -12
2758 -7
2759 2
2760 -10
2761 -5
2762 -11
2763 -18
2764 -15
2765 -11
2766 -6
2767 7
2768 -12
2769 -14
2770 -7
2771 -12
2772 -2
2773 -6
2774 -12
2775 -9
2776 -3
2777 -11
2778 -11
2779 -5
2780 -11
2781 -14
2782 -8
2783 -8
2784 -11
2785 -12
2786 -12
2787 -9
2788 -8
2789 -13
2790 -12
2791 -16
2792 -8
2793 -6
2794 -15
2795 -9
2796 -9
2797 -4
2798 -6
2799 8
2800 -13
2801 -9
2802 -12
2803 -7
2804 -14
2805 -2
2806 -8
2807 -6
2808 -13
2809 -5
2810 -13
2811 -13
2812 -13
2813 -10
2814 -4
2815 -10
2816 -11
2817 -4
2818 -11
2819 -11
2820 -10
2821 -10
2822 -9
2823 -6
2824 -10
2825 -7
2826 -8
2827 -9
2828 -13
2829 -9
2830 -11
2831 -8
2832 -15
2833 -15
2834 -4
2835 -12
2836 2
2837 -11
2838 -14
2839 -6
2840 -10
2841 -10
2842 -14
2843 -17
2844 -4
2845 -12
2846 -11
2847 -17
2848 -11
2849 -11
2850 -9
2851 -5
2852 -10
2853 -11
2854 -6
2855 3
2856 1
2857 -7
2858 -4
2859 -17
2860 -12
2861 -9
2862 -14
2863 -9
2864 -8
2865 6
2866 -10
2867 -7
2868 -10
2869 -9
2870 -13
2871 -5
2872 -9
2873 -20
2874 -12
2875 -8
2876 -12
2877 -7
2878 -5
2879 -16
2880 -7
2881 -11
2882 -12
2883 -13
2884 -11
2885 -10
2886 -12
2887 -12
2888 -11
2889 -13
2890 -7
2891 -10
2892 8
2893 -9
2894 -19
2895 -18
2896 -10
2897 -7
2898 -10
2899 -8
2900 -11
2901 -9
2902 -13
2903 -5
2904 -8
2905 -7
2906 -11
2907 -15
2908 -6
2909 -14
2910 -15
2911 -12
2912 -19
2913 -13
2914 -14
2915 -9
2916 -10
2917 -8
2918 -5
2919 -13
2920 -12
2921 1
2922 -1
2923 -8
2924 -16
2925 -11
2926 -8
2927 -3
2928 -2
2929 -13
2930 -12
2931 -18
2932 -10
2933 3
2934 -9
2935 -5
2936 -12
2937 -6
2938 -15
2939 -10
2940 -9
2941 -11
2942 -6
2943 -9
2944 -6
2945 -4
2946 -9
2947 -11
2948 -17
2949 -10
2950 -5
2951 -10
2952 -3
2953 -6
2954 -13
2955 -13
2956 -7
2957 -3
2958 -4
2959 -2
2960 -14
2961 -11
2962 -12
2963 8
2964 -1
2965 -9
2966 -8
2967 -7
2968 -9
2969 -13
2970 -11
2971 -18
2972 3
2973 -9
2974 -8
2975 -11
2976 -6
2977 -3
2978 -12
2979 -11
2980 -17
2981 -15
2982 -15
2983 1
2984 -12
2985 -1
2986 -14
2987 -7
2988 -2
2989 -6
2990 -11
2991 -4
2992 -13
2993 -3
2994 -4
2995 3
2996 -10
2997 -12
2998 -6
2999 -11
3000 -10
3001 -16
3002 -13
3003 -10
3004 -10
3005 -6
3006 -6
3007 7
3008 -11
3009 -10
3010 -6
3011 -5
3012 -9
3013 -15
3014 -11
3015 -2
3016 -6
3017 -14
3018 -2
3019 -12
3020 -10
3021 -7
3022 -7
3023 3
3024 -6
3025 -10
3026 -13
3027 -9
3028 -11
3029 -7
3030 -10
3031 -12
3032 -3
3033 -9
3034 -19
3035 -10
3036 -5
3037 10
3038 -7
3039 -2
3040 -17
3041 -5
3042 -10
3043 -13
3044 -6
3045 -3
3046 -10
3047 2
3048 -11
3049 -13
3050 -9
3051 1
3052 -12
3053 -11
3054 -8
3055 -9
3056 -10
3057 -10
3058 -10
3059 -11
3060 -7
3061 -1
3062 -9
3063 -8
3064 -6
3065 -11
3066 -5
3067 -17
3068 -8
3069 -3
3070 -4
3071 -1
3072 -8
3073 -14
3074 -12
3075 -16
3076 1
3077 -11
3078 -5
3079 -14
3080 -6
3081 -3
3082 -5
3083 -16
3084 -17
3085 8
3086 -6
3087 -11
3088 -4
3089 -8
3090 -11
3091 -6
3092 -14
3093 -10
3094 -2
3095 -11
3096 -10
3097 -9
3098 -5
3099 2
3100 -11
3101 4
3102 -6
3103 -16
3104 -13
3105 -14
3106 -9
3107 -9
3108 3
3109 -5
3110 -16
3111 -8
3112 -17
3113 -7
3114 -5
3115 -4
3116 -8
3117 -7
3118 -9
3119 -9
3120 -14
3121 -11
3122 -6
3123 -9
3124 -6
3125 -12
3126 -4
3127 -11
3128 -16
3129 -13
3130 -9
3131 -12
3132 -12
3133 -12
3134 -3
3135 -9
3136 -7
3137 -10
3138 -7
3139 7
3140 -13
3141 9
3142 -10
3143 -7
3144 -9
3145 -9
3146 -14
3147 -13
3148 -11
3149 -5
3150 -9
3151 -7
3152 -11
3153 -4
3154 -16
3155 -7
3156 -12
3157 -11
3158 5
3159 5
3160 7
3161 -16
3162 -12
3163 -21
3164 -7
3165 -9
3166 -5
3167 -9
3168 -7
3169 -10
3170 -17
3171 -8
3172 -1
3173 -13
3174 -13
3175 -11
3176 -18
3177 -11
3178 -9
3179 -11
3180 -9
3181 -13
3182 -8
3183 -11
3184 -8
3185 -14
3186 -4
3187 -3
3188 -9
3189 -9
3190 12
3191 -4
3192 -12
3193 3
3194 -13
3195 -14
3196 -7
3197 -10
3198 -10
3199 -11
3200 -4
3201 -4
3202 -12
3203 -7
3204 1
3205 -11
3206 -11
3207 -6
3208 -8
3209 -6
3210 -9
3211 -11
3212 -10
3213 2
3214 -11
3215 -6
3216 -5
3217 -3
3218 -7
3219 -3
3220 4
3221 -10
3222 3
3223 -12
3224 -7
3225 -10
3226 -5
3227 -16
3228 -11
3229 -14
3230 -4
3231 -6
3232 -5
3233 -12
3234 -8
3235 -14
3236 -4
3237 -14
3238 -10
3239 -11
3240 -7
3241 -11
3242 -6
3243 -1
3244 -12
3245 -17
3246 -12
3247 -11
3248 -13
3249 -10
3250 -12
3251 -4
3252 -10
3253 -11
3254 6
3255 -17
3256 -11
3257 2
3258 -6
3259 -7
3260 -10
3261 -12
3262 -8
3263 -6
3264 -6
3265 -15
3266 -8
3267 -13
3268 -1
3269 -7
3270 -12
3271 -8
3272 -13
3273 -11
3274 -12
3275 -10
3276 -11
3277 -3
3278 -9
3279 -11
3280 -8
3281 -13
3282 -4
3283 -16
3284 -6
3285 -1
3286 -5
3287 -7
3288 -17
3289 -13
3290 -4
3291 -1
3292 -3
3293 -8
3294 -13
3295 -4
3296 -7
3297 -15
3298 -1
3299 -13
3300 -13
3301 -7
3302 -9
3303 -5
3304 -11
3305 -12
3306 -14
3307 -2
3308 -3
3309 -5
3310 -5
3311 -6
3312 -9
3313 -7
3314 -3
3315 -15
3316 -14
3317 -12
3318 -5
3319 -16
3320 -1
3321 -12
3322 -10
3323 -3
3324 -15
3325 -3
3326 -2
3327 -10
3328 -2
3329 -6
3330 -9
3331 -3
3332 -19
3333 -10
3334 -11
3335 -5
3336 -6
3337 -7
3338 -8
3339 -2
3340 -4
3341 -1
3342 -7
3343 -5
3344 -6
3345 -11
3346 -15
3347 -10
3348 -13
3349 -12
3350 -7
3351 -16
3352 -5
3353 -2
3354 -10
3355 -8
3356 -9
3357 -13
3358 -14
3359 -6
3360 -7
3361 -14
3362 -5
3363 -16
3364 -5
3365 -15
3366 -4
3367 -13
3368 -13
3369 -12
3370 -11
3371 -12
3372 -13
3373 -15
3374 -9
3375 -7
3376 -16
3377 -17
3378 -13
3379 -8
3380 -5
3381 -3
3382 -7
3383 -10
3384 -5
3385 -6
3386 -10
3387 -16
3388 -10
3389 -7
3390 -4
3391 -13
3392 -13
3393 8
3394 -5
3395 -8
3396 -12
3397 3
3398 -13
3399 -9
3400 -10
3401 -15
3402 -5
3403 -15
3404 -11
3405 -11
3406 -9
3407 -6
3408 -9
3409 -8
3410 -13
3411 -10
3412 -12
3413 -10
3414 6
3415 -6
3416 -3
3417 -9
3418 -12
3419 -15
3420 -10
3421 -10
3422 -13
3423 -11
3424 -10
3425 -8
3426 -10
3427 -7
3428 -7
3429 -1
3430 -9
3431 -13
3432 -11
3433 -8
3434 -13
3435 -8
3436 -3
3437 -4
3438 -10
3439 -11
3440 -6
3441 -7
3442 -10
3443 -8
3444 -8
3445 -8
3446 5
3447 -6
3448 -13
3449 -11
3450 -5
3451 -13
3452 -11
3453 1
3454 -13
3455 -8
3456 -9
3457 -13
3458 5
3459 -5
3460 2
3461 -6
3462 -1
3463 -11
3464 -8
3465 -5
3466 -7
3467 -11
3468 -3
3469 -5
3470 2
3471 -13
3472 -3
3473 -15
3474 8
3475 5
3476 -5
3477 -14
3478 -10
3479 -7
3480 -11
3481 -4
3482 -11
3483 -13
3484 -7
3485 -7
3486 -11
3487 -10
3488 -13
3489 -11
3490 2
3491 -8
3492 1
3493 -11
3494 -17
3495 6
3496 -10
3497 1
3498 -14
3499 1
3500 -5