0 -17.0
1 -19.0
2 -16.0
3 -14.0
4 -20.0
5 -19.0
6 -19.0
7 -16.0
8 -17.0
9 -16.0
10 -21.0
11 -17.0
12 -17.0
13 -19.0
14 -10.0
15 -16.0
16 -15.0
17 -20.0
18 -18.0
19 -14.0
20 -16.0
21 -18.0
22 -19.0
23 -18.0
24 -15.0
25 -19.0
26 -17.0
27 -21.0
28 -18.0
29 -17.0
30 -16.0
31 -16.0
32 -14.0
33 -21.0
34 -16.0
35 -17.0
36 -17.0
37 -19.0
38 -14.0
39 -11.0
40 -20.0
41 -13.0
42 -17.0
43 -18.0
44 -19.0
45 -20.0
46 -19.0
47 -19.0
48 -19.0
49 -18.0
50 -17.0
51 -16.0
52 -15.0
53 -16.0
54 -17.0
55 -19.0
56 -13.0
57 -16.0
58 -19.0
59 -13.0
60 -18.0
61 -15.0
62 -16.0
63 -18.0
64 -18.0
65 -19.0
66 -19.0
67 -16.0
68 -15.0
69 -12.0
70 -16.0
71 -17.0
72 -16.0
73 -18.0
74 -17.0
75 -21.0
76 -16.0
77 -17.0
78 -17.0
79 -17.0
80 -17.0
81 -17.0
82 -18.0
83 -17.0
84 -13.0
85 -13.0
86 -13.0
87 -17.0
88 -11.0
89 -13.0
90 -18.0
91 -17.0
92 -15.0
93 -16.0
94 -16.0
95 -19.0
96 -18.0
97 -20.0
98 -12.0
99 -16.0
100 -17.0
101 -14.0
102 -19.0
103 -17.0
104 -12.0
105 -14.0
106 -18.0
107 -17.0
108 -16.0
109 -17.0
110 -19.0
111 -14.0
112 -21.0
113 -18.0
114 -17.0
115 -17.0
116 -12.0
117 -16.0
118 -17.0
119 -17.0
120 -16.0
121 -18.0
122 -13.0
123 -10.0
124 -19.0
125 -18.0
126 -17.0
127 -12.0
128 -15.0
129 -14.0
130 -18.0
131 -17.0
132 -15.0
133 -21.0
134 -15.0
135 -10.0
136 -17.0
137 -14.0
138 -17.0
139 -14.0
140 -18.0
141 -17.0
142 -20.0
143 -17.0
144 -18.0
145 -14.0
146 -20.0
147 -16.0
148 -15.0
149 -14.0
150 -19.0
151 -16.0
152 -17.0
153 -19.0
154 -12.0
155 -17.0
156 -20.0
157 -16.0
158 -15.0
159 -17.0
160 -17.0
161 -14.0
162 -16.0
163 -20.0
164 -13.0
165 -19.0
166 -9.0
167 -12.0
168 -16.0
169 -15.0
170 -17.0
171 -16.0
172 -17.0
173 -11.0
174 -13.0
175 -13.0
176 -19.0
177 -15.0
178 -19.0
179 -15.0
180 -15.0
181 -13.0
182 -17.0
183 -16.0
184 -18.0
185 -13.0
186 -9.0
187 -18.0
188 -18.0
189 -13.0
190 -18.0
191 -19.0
192 -14.0
193 -18.0
194 -16.0
195 -15.0
196 -13.0
197 -17.0
198 -16.0
199 -13.0
200 -13.0
201 -18.0
202 -19.0
203 -17.0
204 -19.0
205 -18.0
206 -15.0
207 -14.0
208 -9.0
209 -15.0
210 -21.0
211 -15.0
212 -19.0
213 -16.0
214 -14.0
215 -21.0
216 -16.0
217 -14.0
218 -13.0
219 -16.0
220 -18.0
221 -13.0
222 -10.0
223 -14.0
224 -17.0
225 -19.0
226 -17.0
227 -15.0
228 -16.0
229 -16.0
230 -11.0
231 -19.0
232 -17.0
233 -15.0
234 -17.0
235 -15.0
236 -17.0
237 -17.0
238 -15.0
239 -16.0
240 -19.0
241 -17.0
242 -15.0
243 -17.0
244 -12.0
245 -16.0
246 -12.0
247 -16.0
248 -18.0
249 -16.0
250 -17.0
251 -13.0
252 -17.0
253 -16.0
254 -15.0
255 -11.0
256 -15.0
257 -15.0
258 -13.0
259 -17.0
260 -16.0
261 -18.0
262 -18.0
263 -17.0
264 -14.0
265 -19.0
266 -11.0
267 -12.0
268 -13.0
269 -18.0
270 -17.0
271 -21.0
272 -11.0
273 -13.0
274 -18.0
275 -19.0
276 -19.0
277 -15.0
278 -16.0
279 -15.0
280 -19.0
281 -13.0
282 -18.0
283 -15.0
284 -16.0
285 -13.0
286 -7.0
287 -18.0
288 -14.0
289 -16.0
290 -16.0
291 -15.0
292 -20.0
293 -16.0
294 -15.0
295 -15.0
296 -17.0
297 -21.0
298 -15.0
299 -20.0
300 -18.0
301 -12.0
302 -12.0
303 -17.0
304 -19.0
305 -12.0
306 -13.0
307 -17.0
308 -15.0
309 -14.0
310 -14.0
311 -13.0
312 -19.0
313 -16.0
314 -14.0
315 -16.0
316 -17.0
317 -14.0
318 -11.0
319 -9.0
320 -16.0
321 -15.0
322 -20.0
323 -19.0
324 -13.0
325 -15.0
326 -12.0
327 -7.0
328 -15.0
329 -15.0
330 -18.0
331 -11.0
332 -14.0
333 -18.0
334 -15.0
335 -12.0
336 -16.0
337 -16.0
338 -15.0
339 -17.0
340 -16.0
341 -19.0
342 -14.0
343 -10.0
344 -15.0
345 -14.0
346 -13.0
347 -18.0
348 -18.0
349 -13.0
350 -8.0
351 -15.0
352 -16.0
353 -10.0
354 -17.0
355 -18.0
356 -11.0
357 -14.0
358 -14.0
359 -17.0
360 -18.0
361 -9.0
362 -15.0
363 -3.0
364 -15.0
365 -13.0
366 -16.0
367 -12.0
368 -12.0
369 -11.0
370 -13.0
371 -14.0
372 -19.0
373 -10.0
374 -16.0
375 -15.0
376 -12.0
377 -16.0
378 -18.0
379 -18.0
380 -15.0
381 -16.0
382 -17.0
383 -15.0
384 -14.0
385 -17.0
386 -15.0
387 -16.0
388 -12.0
389 -18.0
390 -18.0
391 -19.0
392 -12.0
393 -13.0
394 -11.0
395 -13.0
396 -15.0
397 -14.0
398 -12.0
399 -15.0
400 -14.0
401 -16.0
402 -9.0
403 -17.0
404 -10.0
405 -15.0
406 -15.0
407 -13.0
408 -12.0
409 -14.0
410 -17.0
411 -17.0
412 -13.0
413 -13.0
414 -18.0
415 -12.0
416 -11.0
417 -19.0
418 -15.0
419 -17.0
420 -9.0
421 -18.0
422 -13.0
423 -12.0
424 -10.0
425 -15.0
426 -14.0
427 -19.0
428 -12.0
429 -14.0
430 -7.0
431 -12.0
432 -15.0
433 -14.0
434 -19.0
435 -11.0
436 -15.0
437 -9.0
438 -17.0
439 -14.0
440 -11.0
441 -19.0
442 -8.0
443 -17.0
444 -15.0
445 -12.0
446 -16.0
447 -14.0
448 -11.0
449 -21.0
450 -9.0
451 -18.0
452 -19.0
453 -13.0
454 -18.0
455 -11.0
456 -17.0
457 -15.0
458 -18.0
459 -19.0
460 -18.0
461 -15.0
462 -15.0
463 -9.0
464 -15.0
465 -15.0
466 -17.0
467 -10.0
468 -16.0
469 -13.0
470 -17.0
471 -15.0
472 -19.0
473 -7.0
474 -14.0
475 -16.0
476 -20.0
477 -12.0
478 -12.0
479 -12.0
480 -7.0
481 -14.0
482 -15.0
483 -11.0
484 -10.0
485 -13.0
486 -16.0
487 -13.0
488 -16.0
489 -14.0
490 -19.0
491 -13.0
492 -17.0
493 -7.0
494 -13.0
495 -19.0
496 -15.0
497 -15.0
498 -16.0
499 -14.0
500 -17.0
501 -9.0
502 -14.0
503 -14.0
504 -13.0
505 -16.0
506 -19.0
507 -19.0
508 -15.0
509 -15.0
510 -19.0
511 -16.0
512 -18.0
513 -11.0
514 -16.0
515 -9.0
516 -11.0
517 -12.0
518 -15.0
519 -18.0
520 -9.0
521 -15.0
522 -16.0
523 -11.0
524 -10.0
525 -8.0
526 -14.0
527 -11.0
528 -11.0
529 -10.0
530 -14.0
531 -13.0
532 -19.0
533 -17.0
534 -9.0
535 -11.0
536 -13.0
537 -17.0
538 -8.0
539 -13.0
540 -9.0
541 -18.0
542 -15.0
543 -8.0
544 -15.0
545 -14.0
546 -11.0
547 -13.0
548 -12.0
549 -18.0
550 -15.0
551 -13.0
552 -13.0
553 -11.0
554 -12.0
555 -13.0
556 -17.0
557 -15.0
558 -11.0
559 -7.0
560 -17.0
561 -11.0
562 -17.0
563 -8.0
564 -14.0
565 -15.0
566 -9.0
567 -17.0
568 -15.0
569 -4.0
570 -10.0
571 -5.0
572 -12.0
573 -15.0
574 -13.0
575 -14.0
576 -16.0
577 -15.0
578 -16.0
579 -11.0
580 -10.0
581 -15.0
582 -12.0
583 -14.0
584 -15.0
585 -6.0
586 -19.0
587 -12.0
588 -12.0
589 -16.0
590 -19.0
591 -13.0
592 -11.0
593 -16.0
594 -15.0
595 -12.0
596 -17.0
597 -14.0
598 -12.0
599 -12.0
600 -17.0
601 -10.0
602 -17.0
603 -15.0
604 -17.0
605 -15.0
606 -17.0
607 -8.0
608 -15.0
609 -16.0
610 -10.0
611 -13.0
612 -19.0
613 -13.0
614 -16.0
615 -17.0
616 -16.0
617 -10.0
618 -14.0
619 -13.0
620 -12.0
621 -15.0
622 -7.0
623 -14.0
624 -13.0
625 -21.0
626 -17.0
627 -13.0
628 -14.0
629 -11.0
630 -14.0
631 -16.0
632 -12.0
633 -6.0
634 -15.0
635 -14.0
636 -15.0
637 -15.0
638 -11.0
639 -11.0
640 -14.0
641 -9.0
642 -17.0
643 -16.0
644 -16.0
645 -16.0
646 -11.0
647 -18.0
648 -15.0
649 -16.0
650 -19.0
651 -17.0
652 -12.0
653 -15.0
654 -13.0
655 -13.0
656 -19.0
657 -13.0
658 -10.0
659 -16.0
660 -14.0
661 -8.0
662 -14.0
663 -9.0
664 -11.0
665 -7.0
666 -16.0
667 -9.0
668 -15.0
669 -12.0
670 -16.0
671 -9.0
672 -13.0
673 -20.0
674 -19.0
675 -11.0
676 -17.0
677 -19.0
678 -15.0
679 -13.0
680 -15.0
681 -17.0
682 -12.0
683 -13.0
684 -18.0
685 -18.0
686 -17.0
687 -13.0
688 -14.0
689 -17.0
690 -19.0
691 -13.0
692 -12.0
693 -15.0
694 -11.0
695 -13.0
696 -17.0
697 -14.0
698 -11.0
699 -12.0
700 -14.0
701 -19.0
702 -13.0
703 -15.0
704 -12.0
705 -9.0
706 -10.0
707 -15.0
708 -11.0
709 -18.0
710 -11.0
711 -12.0
712 -11.0
713 -14.0
714 -11.0
715 -12.0
716 -17.0
717 -11.0
718 -17.0
719 -18.0
720 -17.0
721 -11.0
722 -13.0
723 -18.0
724 -17.0
725 -7.0
726 -12.0
727 -13.0
728 -13.0
729 -17.0
730 -9.0
731 -17.0
732 -16.0
733 -13.0
734 -16.0
735 -17.0
736 -20.0
737 -12.0
738 -15.0
739 -15.0
740 -20.0
741 -19.0
742 -19.0
743 -14.0
744 -9.0
745 -15.0
746 -17.0
747 -14.0
748 -3.0
749 -13.0
750 -7.0
751 -9.0
752 -12.0
753 -11.0
754 -9.0
755 -14.0
756 -10.0
757 -17.0
758 -5.0
759 -13.0
760 -10.0
761 -13.0
762 -10.0
763 -12.0
764 -16.0
765 -15.0
766 -11.0
767 -17.0
768 -10.0
769 -11.0
770 -12.0
771 -8.0
772 -13.0
773 -15.0
774 -18.0
775 -16.0
776 -15.0
777 -14.0
778 -8.0
779 -15.0
780 -13.0
781 -9.0
782 -19.0
783 -13.0
784 -14.0
785 -15.0
786 -12.0
787 -17.0
788 -15.0
789 -13.0
790 -15.0
791 -14.0
792 -11.0
793 -14.0
794 -15.0
795 -14.0
796 -10.0
797 -16.0
798 -13.0
799 -17.0
800 -5.0
801 -13.0
802 -4.0
803 -13.0
804 -11.0
805 -12.0
806 -18.0
807 -11.0
808 -13.0
809 -15.0
810 -4.0
811 -9.0
812 -12.0
813 -7.0
814 -12.0
815 -12.0
816 -11.0
817 -12.0
818 -13.0
819 -10.0
820 -12.0
821 -15.0
822 -16.0
823 -9.0
824 -13.0
825 -10.0
826 -11.0
827 -13.0
828 -12.0
829 -9.0
830 -15.0
831 -18.0
832 -14.0
833 -14.0
834 -12.0
835 -19.0
836 -19.0
837 -13.0
838 -15.0
839 -6.0
840 -9.0
841 -9.0
842 -20.0
843 -11.0
844 -6.0
845 -17.0
846 -14.0
847 -12.0
848 -9.0
849 -14.0
850 -4.0
851 -14.0
852 -15.0
853 -11.0
854 -16.0
855 -6.0
856 -10.0
857 -15.0
858 -19.0
859 -12.0
860 -15.0
861 -15.0
862 -8.0
863 -12.0
864 -9.0
865 -11.0
866 -15.0
867 -15.0
868 -11.0
869 -15.0
870 -14.0
871 -11.0
872 -8.0
873 -14.0
874 -9.0
875 -9.0
876 -9.0
877 -13.0
878 -6.0
879 -16.0
880 -13.0
881 -15.0
882 -10.0
883 -13.0
884 -17.0
885 -13.0
886 -17.0
887 -14.0
888 -16.0
889 -16.0
890 -16.0
891 -15.0
892 -11.0
893 -11.0
894 -9.0
895 -15.0
896 -16.0
897 -15.0
898 -16.0
899 -13.0
900 -17.0
901 -19.0
902 -7.0
903 -14.0
904 -17.0
905 -3.0
906 -16.0
907 -13.0
908 -18.0
909 -10.0
910 -9.0
911 -14.0
912 -13.0
913 -15.0
914 -9.0
915 -15.0
916 -13.0
917 -14.0
918 -11.0
919 -5.0
920 -16.0
921 -19.0
922 -9.0
923 -11.0
924 -4.0
925 -12.0
926 -14.0
927 -9.0
928 -6.0
929 -13.0
930 -6.0
931 -13.0
932 -7.0
933 -9.0
934 -9.0
935 -15.0
936 -3.0
937 -7.0
938 -17.0
939 -15.0
940 -11.0
941 -12.0
942 -11.0
943 -17.0
944 -9.0
945 -8.0
946 -16.0
947 -10.0
948 -8.0
949 -9.0
950 -13.0
951 -10.0
952 -11.0
953 -10.0
954 -16.0
955 -13.0
956 -14.0
957 -11.0
958 -16.0
959 -17.0
960 -10.0
961 -16.0
962 -11.0
963 -15.0
964 -12.0
965 -13.0
966 -12.0
967 -15.0
968 -11.0
969 -16.0
970 5.0
971 -16.0
972 -18.0
973 -12.0
974 -15.0
975 -11.0
976 -11.0
977 -15.0
978 -15.0
979 -13.0
980 -6.0
981 -18.0
982 -19.0
983 -14.0
984 -8.0
985 -3.0
986 -10.0
987 -14.0
988 -12.0
989 -12.0
990 -12.0
991 -15.0
992 -16.0
993 -13.0
994 -6.0
995 -13.0
996 -13.0
997 -7.0
998 -4.0
999 -10.0
1000 -11.0
1001 -12.0
1002 -6.0
1003 -12.0
1004 -11.0
1005 -18.0
1006 -12.0
1007 -9.0
1008 -9.0
1009 -13.0
1010 -4.0
1011 -17.0
1012 -14.0
1013 -10.0
1014 -6.0
1015 -6.0
1016 -8.0
1017 -14.0
1018 -14.0
1019 -13.0
1020 -14.0
1021 -14.0
1022 -8.0
1023 -15.0
1024 -17.0
1025 -12.0
1026 -14.0
1027 -17.0
1028 -12.0
1029 -8.0
1030 -9.0
1031 -11.0
1032 -18.0
1033 -8.0
1034 -12.0
1035 -8.0
1036 -19.0
1037 -8.0
1038 -12.0
1039 -12.0
1040 -15.0
1041 -13.0
1042 -16.0
1043 -12.0
1044 -12.0
1045 -11.0
1046 -12.0
1047 -9.0
1048 -13.0
1049 -9.0
1050 -14.0
1051 -11.0
1052 -7.0
1053 -19.0
1054 -10.0
1055 -9.0
1056 -12.0
1057 -17.0
1058 -7.0
1059 -12.0
1060 -17.0
1061 -12.0
1062 -9.0
1063 -11.0
1064 -15.0
1065 -4.0
1066 -5.0
1067 -15.0
1068 -11.0
1069 -19.0
1070 -10.0
1071 -13.0
1072 -13.0
1073 -9.0
1074 -13.0
1075 -15.0
1076 -12.0
1077 -9.0
1078 -9.0
1079 -12.0
1080 -16.0
1081 -1.0
1082 -11.0
1083 -14.0
1084 -13.0
1085 -15.0
1086 -6.0
1087 -9.0
1088 -11.0
1089 -6.0
1090 -7.0
1091 -9.0
1092 -12.0
1093 -11.0
1094 -15.0
1095 -10.0
1096 -13.0
1097 -6.0
1098 -15.0
1099 -9.0
1100 -7.0
1101 -10.0
1102 -7.0
1103 -14.0
1104 -13.0
1105 -15.0
1106 -14.0
1107 -13.0
1108 -14.0
1109 -11.0
1110 -7.0
1111 -3.0
1112 -18.0
1113 -11.0
1114 -7.0
1115 -12.0
1116 -6.0
1117 -12.0
1118 -13.0
1119 -6.0
1120 -18.0
1121 -9.0
1122 -11.0
1123 -10.0
1124 -11.0
1125 -9.0
1126 -9.0
1127 -6.0
1128 -10.0
1129 -14.0
1130 -11.0
1131 -11.0
1132 -11.0
1133 -19.0
1134 -9.0
1135 -14.0
1136 -19.0
1137 -15.0
1138 -10.0
1139 -12.0
1140 -14.0
1141 -15.0
1142 -13.0
1143 -6.0
1144 -14.0
1145 -13.0
1146 -15.0
1147 -10.0
1148 -14.0
1149 -13.0
1150 -9.0
1151 -6.0
1152 -13.0
1153 -6.0
1154 -15.0
1155 -13.0
1156 -5.0
1157 -15.0
1158 -15.0
1159 -8.0
1160 -11.0
1161 -9.0
1162 -12.0
1163 -14.0
1164 -11.0
1165 -9.0
1166 -4.0
1167 -11.0
1168 -11.0
1169 -5.0
1170 -5.0
1171 -19.0
1172 -15.0
1173 -11.0
1174 -14.0
1175 -15.0
1176 -18.0
1177 -15.0
1178 -12.0
1179 -9.0
1180 -13.0
1181 -13.0
1182 -8.0
1183 -7.0
1184 -12.0
1185 -10.0
1186 -13.0
1187 -14.0
1188 -15.0
1189 -6.0
1190 -11.0
1191 -11.0
1192 -10.0
1193 -8.0
1194 -5.0
1195 -5.0
1196 -13.0
1197 -9.0
1198 -5.0
1199 -3.0
1200 -15.0
1201 -6.0
1202 7.0
1203 -7.0
1204 -15.0
1205 -14.0
1206 -12.0
1207 -3.0
1208 3.0
1209 -16.0
1210 -17.0
1211 -9.0
1212 -11.0
1213 -17.0
1214 -8.0
1215 -8.0
1216 -13.0
1217 -13.0
1218 -7.0
1219 -9.0
1220 -12.0
1221 -11.0
1222 -17.0
1223 -7.0
1224 -3.0
1225 -14.0
1226 -20.0
1227 -9.0
1228 -14.0
1229 -11.0
1230 -11.0
1231 -15.0
1232 -15.0
1233 -12.0
1234 -12.0
1235 -8.0
1236 -3.0
1237 -9.0
1238 -11.0
1239 -13.0
1240 -9.0
1241 -9.0
1242 -9.0
1243 -1.0
1244 -9.0
1245 -11.0
1246 -15.0
1247 -4.0
1248 -11.0
1249 -9.0
1250 -6.0
1251 -19.0
1252 -11.0
1253 -12.0
1254 -14.0
1255 -13.0
1256 -6.0
1257 -17.0
1258 -11.0
1259 -17.0
1260 -13.0
1261 -12.0
1262 -12.0
1263 -7.0
1264 -10.0
1265 -6.0
1266 -14.0
1267 -8.0
1268 -11.0
1269 -6.0
1270 -11.0
1271 -14.0
1272 -12.0
1273 -8.0
1274 -8.0
1275 -13.0
1276 -3.0
1277 -13.0
1278 -10.0
1279 -5.0
1280 -9.0
1281 -13.0
1282 -9.0
1283 -11.0
1284 -7.0
1285 -15.0
1286 -15.0
1287 -10.0
1288 -10.0
1289 -7.0
1290 -8.0
1291 -8.0
1292 -12.0
1293 -12.0
1294 -13.0
1295 -14.0
1296 -13.0
1297 -6.0
1298 -8.0
1299 1.0
1300 -13.0
1301 -8.0
1302 -14.0
1303 -8.0
1304 -15.0
1305 -14.0
1306 -13.0
1307 -6.0
1308 -19.0
1309 -9.0
1310 -11.0
1311 -16.0
1312 -12.0
1313 -11.0
1314 -7.0
1315 -13.0
1316 -12.0
1317 -6.0
1318 -3.0
1319 -17.0
1320 -12.0
1321 -1.0
1322 5.0
1323 -13.0
1324 2.0
1325 -6.0
1326 -16.0
1327 -9.0
1328 -11.0
1329 -15.0
1330 -1.0
1331 -15.0
1332 -16.0
1333 -7.0
1334 -13.0
1335 -17.0
1336 -3.0
1337 -10.0
1338 -13.0
1339 -12.0
1340 -5.0
1341 -14.0
1342 -8.0
1343 -9.0
1344 -3.0
1345 -18.0
1346 2.0
1347 -10.0
1348 -16.0
1349 -14.0
1350 -5.0
1351 -11.0
1352 -13.0
1353 -14.0
1354 -14.0
1355 -15.0
1356 -13.0
1357 -8.0
1358 -6.0
1359 -12.0
1360 -4.0
1361 -15.0
1362 -6.0
1363 -11.0
1364 -12.0
1365 -3.0
1366 -12.0
1367 -15.0
1368 -8.0
1369 -9.0
1370 -6.0
1371 -7.0
1372 -9.0
1373 -15.0
1374 -15.0
1375 -9.0
1376 -15.0
1377 -8.0
1378 -9.0
1379 -13.0
1380 -15.0
1381 4.0
1382 -9.0
1383 -12.0
1384 -1.0
1385 -11.0
1386 -11.0
1387 -7.0
1388 -13.0
1389 -6.0
1390 -13.0
1391 6.0
1392 -12.0
1393 -12.0
1394 -15.0
1395 3.0
1396 -9.0
1397 -16.0
1398 -16.0
1399 -8.0
1400 -11.0
1401 -13.0
1402 -17.0
1403 -4.0
1404 7.0
1405 -9.0
1406 -9.0
1407 -11.0
1408 -15.0
1409 -14.0
1410 -6.0
1411 -10.0
1412 -16.0
1413 -17.0
1414 -15.0
1415 -15.0
1416 -15.0
1417 -12.0
1418 -15.0
1419 -10.0
1420 -11.0
1421 -6.0
1422 -9.0
1423 -16.0
1424 -7.0
1425 -9.0
1426 -8.0
1427 -11.0
1428 -14.0
1429 -9.0
1430 -13.0
1431 -14.0
1432 -13.0
1433 -11.0
1434 -12.0
1435 -13.0
1436 -8.0
1437 -5.0
1438 -4.0
1439 -8.0
1440 -12.0
1441 -12.0
1442 -16.0
1443 -9.0
1444 -10.0
1445 1.0
1446 -10.0
1447 -5.0
1448 -3.0
1449 -15.0
1450 -17.0
1451 -9.0
1452 -13.0
1453 -3.0
1454 -3.0
1455 -2.0
1456 -8.0
1457 -13.0
1458 -17.0
1459 -3.0
1460 -3.0
1461 -5.0
1462 -4.0
1463 -11.0
1464 -4.0
1465 -12.0
1466 -7.0
1467 -5.0
1468 -16.0
1469 -11.0
1470 -9.0
1471 -9.0
1472 -11.0
1473 -14.0
1474 -11.0
1475 -10.0
1476 -18.0
1477 -8.0
1478 -14.0
1479 -13.0
1480 -3.0
1481 -3.0
1482 -8.0
1483 -15.0
1484 -14.0
1485 -5.0
1486 -14.0
1487 -10.0
1488 -10.0
1489 -18.0
1490 -11.0
1491 -7.0
1492 -4.0
1493 -13.0
1494 -12.0
1495 -7.0
1496 -12.0
1497 -7.0
1498 -10.0
1499 -11.0
1500 -17.0
1501 -11.0
1502 -4.0
1503 -12.0
1504 -10.0
1505 -13.0
1506 -9.0
1507 -11.0
1508 -10.0
1509 -12.0
1510 -15.0
1511 -11.0
1512 -16.0
1513 -15.0
1514 -15.0
1515 -4.0
1516 -5.0
1517 -12.0
1518 -7.0
1519 -8.0
1520 -14.0
1521 -12.0
1522 -7.0
1523 2.0
1524 -10.0
1525 -5.0
1526 -11.0
1527 -18.0
1528 -15.0
1529 -11.0
1530 -6.0
1531 7.0
1532 -12.0
1533 -14.0
1534 -7.0
1535 -12.0
1536 -2.0
1537 -6.0
1538 -12.0
1539 -9.0
1540 -3.0
1541 -11.0
1542 -11.0
1543 -5.0
1544 -11.0
1545 -14.0
1546 -8.0
1547 -8.0
1548 -11.0
1549 -12.0
1550 -12.0
1551 -9.0
1552 -8.0
1553 -13.0
1554 -12.0
1555 -16.0
1556 -8.0
1557 -6.0
1558 -15.0
1559 -9.0
1560 -9.0
1561 -4.0
1562 -6.0
1563 8.0
1564 -13.0
1565 -9.0
1566 -12.0
1567 -7.0
1568 -14.0
1569 -2.0
1570 -8.0
1571 -6.0
1572 -13.0
1573 -5.0
1574 -13.0
1575 -13.0
1576 -13.0
1577 -10.0
1578 -4.0
1579 -10.0
1580 -11.0
1581 -4.0
1582 -11.0
1583 -11.0
1584 -10.0
1585 -10.0
1586 -9.0
1587 -6.0
1588 -10.0
1589 -7.0
1590 -8.0
1591 -9.0
1592 -13.0
1593 -9.0
1594 -11.0
1595 -8.0
1596 -15.0
1597 -15.0
1598 -4.0
1599 -12.0
1600 2.0
1601 -11.0
1602 -14.0
1603 -6.0
1604 -10.0
1605 -10.0
1606 -14.0
1607 -17.0
1608 -4.0
1609 -12.0
1610 -11.0
1611 -17.0
1612 -11.0
1613 -11.0
1614 -9.0
1615 -5.0
1616 -10.0
1617 -11.0
1618 -6.0
1619 3.0
1620 1.0
1621 -7.0
1622 -4.0
1623 -17.0
1624 -12.0
1625 -9.0
1626 -14.0
1627 -9.0
1628 -8.0
1629 6.0
1630 -10.0
1631 -7.0
1632 -10.0
1633 -9.0
1634 -13.0
1635 -5.0
1636 -9.0
1637 -20.0
1638 -12.0
1639 -8.0
1640 -12.0
1641 -7.0
1642 -5.0
1643 -16.0
1644 -7.0
1645 -11.0
1646 -12.0
1647 -13.0
1648 -11.0
1649 -10.0
1650 -12.0
1651 -12.0
1652 -11.0
1653 -13.0
1654 -7.0
1655 -10.0
1656 8.0
1657 -9.0
1658 -19.0
1659 -18.0
1660 -10.0
1661 -7.0
1662 -10.0
1663 -8.0
1664 -11.0
1665 -9.0
1666 -13.0
1667 -5.0
1668 -8.0
1669 -7.0
1670 -11.0
1671 -15.0
1672 -6.0
1673 -14.0
1674 -15.0
1675 -12.0
1676 -19.0
1677 -13.0
1678 -14.0
1679 -9.0
1680 -10.0
1681 -8.0
1682 -5.0
1683 -13.0
1684 -12.0
1685 1.0
1686 -1.0
1687 -8.0
1688 -16.0
1689 -11.0
1690 -8.0
1691 -3.0
1692 -2.0
1693 -13.0
1694 -12.0
1695 -18.0
1696 -10.0
1697 3.0
1698 -9.0
1699 -5.0
1700 -12.0
1701 -6.0
1702 -15.0
1703 -10.0
1704 -9.0
1705 -11.0
1706 -6.0
1707 -9.0
1708 -6.0
1709 -4.0
1710 -9.0
1711 -11.0
1712 -17.0
1713 -10.0
1714 -5.0
1715 -10.0
1716 -3.0
1717 -6.0
1718 -13.0
1719 -13.0
1720 -7.0
1721 -3.0
1722 -4.0
1723 -2.0
1724 -14.0
1725 -11.0
1726 -12.0
1727 8.0
1728 -1.0
1729 -9.0
1730 -8.0
1731 -7.0
1732 -9.0
1733 -13.0
1734 -11.0
1735 -18.0
1736 3.0
1737 -9.0
1738 -8.0
1739 -11.0
1740 -6.0
1741 -3.0
1742 -12.0
1743 -11.0
1744 -17.0
1745 -15.0
1746 -15.0
1747 1.0
1748 -12.0
1749 -1.0
1750 -14.0
1751 -7.0
1752 -2.0
1753 -6.0
1754 -11.0
1755 -4.0
1756 -13.0
1757 -3.0
1758 -4.0
1759 3.0
1760 -10.0
1761 -12.0
1762 -6.0
1763 -11.0
1764 -10.0
1765 -16.0
1766 -13.0
1767 -10.0
1768 -10.0
1769 -6.0
1770 -6.0
1771 7.0
1772 -11.0
1773 -10.0
1774 -6.0
1775 -5.0
1776 -9.0
1777 -15.0
1778 -11.0
1779 -2.0
1780 -6.0
1781 -14.0
1782 -2.0
1783 -12.0
1784 -10.0
1785 -7.0
1786 -7.0
1787 3.0
1788 -6.0
1789 -10.0
1790 -13.0
1791 -9.0
1792 -11.0
1793 -7.0
1794 -10.0
1795 -12.0
1796 -3.0
1797 -9.0
1798 -19.0
1799 -10.0
1800 -5.0
1801 10.0
1802 -7.0
1803 -2.0
1804 -17.0
1805 -5.0
1806 -10.0
1807 -13.0
1808 -6.0
1809 -3.0
1810 -10.0
1811 2.0
1812 -11.0
1813 -13.0
1814 -9.0
1815 1.0
1816 -12.0
1817 -11.0
1818 -8.0
1819 -9.0
1820 -10.0
1821 -10.0
1822 -10.0
1823 -11.0
1824 -7.0
1825 -1.0
1826 -9.0
1827 -8.0
1828 -6.0
1829 -11.0
1830 -5.0
1831 -17.0
1832 -8.0
1833 -3.0
1834 -4.0
1835 -1.0
1836 -8.0
1837 -14.0
1838 -12.0
1839 -16.0
1840 1.0
1841 -11.0
1842 -5.0
1843 -14.0
1844 -6.0
1845 -3.0
1846 -5.0
1847 -16.0
1848 -17.0
1849 8.0
1850 -6.0
1851 -11.0
1852 -4.0
1853 -8.0
1854 -11.0
1855 -6.0
1856 -14.0
1857 -10.0
1858 -2.0
1859 -11.0
1860 -10.0
1861 -9.0
1862 -5.0
1863 2.0
1864 -11.0
1865 4.0
1866 -6.0
1867 -16.0
1868 -13.0
1869 -14.0
1870 -9.0
1871 -9.0
1872 3.0
1873 -5.0
1874 -16.0
1875 -8.0
1876 -17.0
1877 -7.0
1878 -5.0
1879 -4.0
1880 -8.0
1881 -7.0
1882 -9.0
1883 -9.0
1884 -14.0
1885 -11.0
1886 -6.0
1887 -9.0
1888 -6.0
1889 -12.0
1890 -4.0
1891 -11.0
1892 -16.0
1893 -13.0
1894 -9.0
1895 -12.0
1896 -12.0
1897 -12.0
1898 -3.0
1899 -9.0
1900 -7.0
1901 -10.0
1902 -7.0
1903 7.0
1904 -13.0
1905 9.0
1906 -10.0
1907 -7.0
1908 -9.0
1909 -9.0
1910 -14.0
1911 -13.0
1912 -11.0
1913 -5.0
1914 -9.0
1915 -7.0
1916 -11.0
1917 -4.0
1918 -16.0
1919 -7.0
1920 -12.0
1921 -11.0
1922 5.0
1923 5.0
1924 7.0
1925 -16.0
1926 -12.0
1927 -21.0
1928 -7.0
1929 -9.0
1930 -5.0
1931 -9.0
1932 -7.0
1933 -10.0
1934 -17.0
1935 -8.0
1936 -1.0
1937 -13.0
1938 -13.0
1939 -11.0
1940 -18.0
1941 -11.0
1942 -9.0
1943 -11.0
1944 -9.0
1945 -13.0
1946 -8.0
1947 -11.0
1948 -8.0
1949 -14.0
1950 -4.0
1951 -3.0
1952 -9.0
1953 -9.0
1954 12.0
1955 -4.0
1956 -12.0
1957 3.0
1958 -13.0
1959 -14.0
1960 -7.0
1961 -10.0
1962 -10.0
1963 -11.0
1964 -4.0
1965 -4.0
1966 -12.0
1967 -7.0
1968 1.0
1969 -11.0
1970 -11.0
1971 -6.0
1972 -8.0
1973 -6.0
1974 -9.0
1975 -11.0
1976 -10.0
1977 2.0
1978 -11.0
1979 -6.0
1980 -5.0
1981 -3.0
1982 -7.0
1983 -3.0
1984 4.0
1985 -10.0
1986 3.0
1987 -12.0
1988 -7.0
1989 -10.0
1990 -5.0
1991 -16.0
1992 -11.0
1993 -14.0
1994 -4.0
1995 -6.0
1996 -5.0
1997 -12.0
1998 -8.0
1999 -14.0
2000 -4.0
2001 -14.0
2002 -10.0
2003 -11.0
2004 -7.0
2005 -11.0
2006 -6.0
2007 -1.0
2008 -12.0
2009 -17.0
2010 -12.0
2011 -11.0
2012 -13.0
2013 -10.0
2014 -12.0
2015 -4.0
2016 -10.0
2017 -11.0
2018 6.0
2019 -17.0
2020 -11.0
2021 2.0
2022 -6.0
2023 -7.0
2024 -10.0
2025 -12.0
2026 -8.0
2027 -6.0
2028 -6.0
2029 -15.0
2030 -8.0
2031 -13.0
2032 -1.0
2033 -7.0
2034 -12.0
2035 -8.0
2036 -13.0
2037 -11.0
2038 -12.0
2039 -10.0
2040 -11.0
2041 -3.0
2042 -9.0
2043 -11.0
2044 -8.0
2045 -13.0
2046 -4.0
2047 -16.0
2048 -6.0
2049 -1.0
2050 -5.0
2051 -7.0
2052 -17.0
2053 -13.0
2054 -4.0
2055 -1.0
2056 -3.0
2057 -8.0
2058 -13.0
2059 -4.0
2060 -7.0
2061 -15.0
2062 -1.0
2063 -13.0
2064 -13.0
2065 -7.0
2066 -9.0
2067 -5.0
2068 -11.0
2069 -12.0
2070 -14.0
2071 -2.0
2072 -3.0
2073 -5.0
2074 -5.0
2075 -6.0
2076 -9.0
2077 -7.0
2078 -3.0
2079 -15.0
2080 -14.0
2081 -12.0
2082 -5.0
2083 -16.0
2084 -1.0
2085 -12.0
2086 -10.0
2087 -3.0
2088 -15.0
2089 -3.0
2090 -2.0
2091 -10.0
2092 -2.0
2093 -6.0
2094 -9.0
2095 -3.0
2096 -19.0
2097 -10.0
2098 -11.0
2099 -5.0
2100 -6.0
2101 -7.0
2102 -8.0
2103 -2.0
2104 -4.0
2105 -1.0
2106 -7.0
2107 -5.0
2108 -6.0
2109 -11.0
2110 -15.0
2111 -10.0
2112 -13.0
2113 -12.0
2114 -7.0
2115 -16.0
2116 -5.0
2117 -2.0
2118 -10.0
2119 -8.0
2120 -9.0
2121 -13.0
2122 -14.0
2123 -6.0
2124 -7.0
2125 -14.0
2126 -5.0
2127 -16.0
2128 -5.0
2129 -15.0
2130 -4.0
2131 -13.0
2132 -13.0
2133 -12.0
2134 -11.0
2135 -12.0
2136 -13.0
2137 -15.0
2138 -9.0
2139 -7.0
2140 -16.0
2141 -17.0
2142 -13.0
2143 -8.0
2144 -5.0
2145 -3.0
2146 -7.0
2147 -10.0
2148 -5.0
2149 -6.0
2150 -10.0
2151 -16.0
2152 -10.0
2153 -7.0
2154 -4.0
2155 -13.0
2156 -13.0
2157 8.0
2158 -5.0
2159 -8.0
2160 -12.0
2161 3.0
2162 -13.0
2163 -9.0
2164 -10.0
2165 -15.0
2166 -5.0
2167 -15.0
2168 -11.0
2169 -11.0
2170 -9.0
2171 -6.0
2172 -9.0
2173 -8.0
2174 -13.0
2175 -10.0
2176 -12.0
2177 -10.0
2178 6.0
2179 -6.0
2180 -3.0
2181 -9.0
2182 -12.0
2183 -15.0
2184 -10.0
2185 -10.0
2186 -13.0
2187 -11.0
2188 -10.0
2189 -8.0
2190 -10.0
2191 -7.0
2192 -7.0
2193 -1.0
2194 -9.0
2195 -13.0
2196 -11.0
2197 -8.0
2198 -13.0
2199 -8.0
2200 -3.0
2201 -4.0
2202 -10.0
2203 -11.0
2204 -6.0
2205 -7.0
2206 -10.0
2207 -8.0
2208 -8.0
2209 -8.0
2210 5.0
2211 -6.0
2212 -13.0
2213 -11.0
2214 -5.0
2215 -13.0
2216 -11.0
2217 1.0
2218 -13.0
2219 -8.0
2220 -9.0
2221 -13.0
2222 5.0
2223 -5.0
2224 2.0
2225 -6.0
2226 -1.0
2227 -11.0
2228 -8.0
2229 -5.0
2230 -7.0
2231 -11.0
2232 -3.0
2233 -5.0
2234 2.0
2235 -13.0
2236 -3.0
2237 -15.0
2238 8.0
2239 5.0
2240 -5.0
2241 -14.0
2242 -10.0
2243 -7.0
2244 -11.0
2245 -4.0
2246 -11.0
2247 -13.0
2248 -7.0
2249 -7.0
2250 -11.0
2251 -10.0
2252 -13.0
2253 -11.0
2254 2.0
2255 -8.0
2256 1.0
2257 -11.0
2258 -17.0
2259 6.0
2260 -10.0
2261 1.0
2262 -14.0
2263 1.0
2264 -5.0
2265 -5.0
2266 -4.0
2267 -8.0
2268 -15.0
2269 -11.0
2270 -7.0
2271 -13.0
2272 -4.0
2273 -13.0
2274 -6.0
2275 4.0
2276 -13.0
2277 -9.0
2278 -15.0
2279 -15.0
2280 -13.0
2281 -13.0
2282 -11.0
2283 -12.0
2284 -7.0
2285 -8.0
2286 -14.0
2287 -6.0
2288 -5.0
2289 -9.0
2290 -9.0
2291 -3.0
2292 6.0
2293 -10.0
2294 -8.0
2295 -4.0
2296 -8.0
2297 -10.0
2298 2.0
2299 -11.0
2300 -16.0
2301 -9.0
2302 -7.0
2303 -7.0
2304 -1.0
2305 -6.0
2306 -7.0
2307 -16.0
2308 -1.0
2309 -10.0
2310 1.0
2311 -9.0
2312 -4.0
2313 -10.0
2314 -11.0
2315 -6.0
2316 -13.0
2317 -4.0
2318 -11.0
2319 -13.0
2320 -9.0
2321 -7.0
2322 -11.0
2323 -9.0
2324 -1.0
2325 -9.0
2326 -13.0
2327 -1.0
2328 -13.0
2329 6.0
2330 -5.0
2331 1.0
2332 -11.0
2333 -6.0
2334 -7.0
2335 -7.0
2336 -9.0
2337 -8.0
2338 -14.0
2339 -9.0
2340 -11.0
2341 -3.0
2342 -4.0
2343 -8.0
2344 -3.0
2345 -5.0
2346 -5.0
2347 -14.0
2348 3.0
2349 -16.0
2350 -7.0
2351 -11.0
2352 1.0
2353 -3.0
2354 -12.0
2355 -6.0
2356 -8.0
2357 -9.0
2358 -12.0
2359 -7.0
2360 -15.0
2361 -6.0
2362 -18.0
2363 -12.0
2364 -10.0
2365 -5.0
2366 -14.0
2367 -2.0
2368 -3.0
2369 4.0
2370 -9.0
2371 -8.0
2372 -12.0
2373 -10.0
2374 -2.0
2375 -16.0
2376 -11.0
2377 -5.0
2378 -5.0
2379 -15.0
2380 -9.0
2381 -10.0
2382 -11.0
2383 -6.0
2384 -7.0
2385 -10.0
2386 -4.0
2387 -3.0
2388 3.0
2389 -5.0
2390 -2.0
2391 -9.0
2392 -7.0
2393 -8.0
2394 -7.0
2395 -1.0
2396 3.0
2397 -7.0
2398 -10.0
2399 -15.0
2400 -10.0
2401 -4.0
2402 -3.0
2403 -14.0
2404 -11.0
2405 -4.0
2406 -15.0
2407 -9.0
2408 -10.0
2409 1.0
2410 -11.0
2411 -14.0
2412 -11.0
2413 -15.0
2414 -7.0
2415 8.0
2416 1.0
2417 -13.0
2418 -7.0
2419 -9.0
2420 -4.0
2421 -9.0
2422 -5.0
2423 -3.0
2424 -4.0
2425 -3.0
2426 -9.0
2427 -4.0
2428 -9.0
2429 -2.0
2430 -7.0
2431 -11.0
2432 -7.0
2433 -3.0
2434 -4.0
2435 -11.0
2436 3.0
2437 -6.0
2438 -4.0
2439 -7.0
2440 -7.0
2441 -5.0
2442 -4.0
2443 -1.0
2444 2.0
2445 -9.0
2446 -11.0
2447 -3.0
2448 2.0
2449 -12.0
2450 -11.0
2451 -2.0
2452 -9.0
2453 2.0
2454 -13.0
2455 -13.0
2456 -17.0
2457 -10.0
2458 -7.0
2459 -11.0
2460 -11.0
2461 -11.0
2462 -17.0
2463 -2.0
2464 -16.0
2465 -3.0
2466 -3.0
2467 -9.0
2468 -14.0
2469 -7.0
2470 -15.0
2471 -5.0
2472 -8.0
2473 -9.0
2474 -8.0
2475 -4.0
2476 -14.0
2477 -8.0
2478 -5.0
2479 -2.0
2480 1.0
2481 -13.0
2482 -8.0
2483 -15.0
2484 -17.0
2485 -4.0
2486 -7.0
2487 -10.0
2488 -14.0
2489 -12.0
2490 2.0
2491 -3.0
2492 -13.0
2493 -14.0
2494 -3.0
2495 -13.0
2496 -17.0
2497 -13.0
2498 -18.0
2499 -8.0
2500 -7.0
2501 -10.0
2502 -11.0
2503 -13.0
2504 4.0
2505 -8.0
2506 -14.0
2507 -10.0
2508 -7.0
2509 -5.0
2510 -4.0
2511 -6.0
2512 -8.0
2513 6.0
2514 -3.0
2515 -12.0
2516 -14.0
2517 -13.0
2518 -6.0
2519 -15.0
2520 -10.0
2521 1.0
2522 -9.0
2523 8.0
2524 -4.0
2525 -11.0
2526 -10.0
2527 -8.0
2528 2.0
2529 -3.0
2530 -7.0
2531 -10.0
2532 2.0
2533 -9.0
2534 -13.0
2535 4.0
2536 -4.0
2537 -7.0
2538 -12.0
2539 -3.0
2540 -4.0
2541 -9.0
2542 -10.0
2543 -12.0
2544 -9.0
2545 -5.0
2546 -6.0
2547 -5.0
2548 -12.0
2549 -1.0
2550 -9.0
2551 -7.0
2552 1.0
2553 -1.0
2554 9.0
2555 -7.0
2556 -1.0
2557 -9.0
2558 -3.0
2559 -3.0
2560 -2.0
2561 -3.0
2562 -12.0
2563 -10.0
2564 -5.0
2565 -11.0
2566 -9.0
2567 -9.0
2568 -1.0
2569 -9.0
2570 -6.0
2571 -7.0
2572 -10.0
2573 -9.0
2574 -13.0
2575 -9.0
2576 -2.0
2577 -11.0
2578 1.0
2579 2.0
2580 -8.0
2581 -7.0
2582 -9.0
2583 1.0
2584 -11.0
2585 1.0
2586 -4.0
2587 -14.0
2588 -9.0
2589 -1.0
2590 -10.0
2591 -11.0
2592 -8.0
2593 -7.0
2594 -9.0
2595 -2.0
2596 -15.0
2597 -13.0
2598 -13.0
2599 -13.0
2600 -3.0
2601 4.0
2602 -15.0
2603 -6.0
2604 -3.0
2605 -3.0
2606 1.0
2607 -2.0
2608 -8.0
2609 3.0
2610 -5.0
2611 -5.0
2612 -9.0
2613 -11.0
2614 -14.0
2615 -4.0
2616 2.0
2617 -11.0
2618 -9.0
2619 -7.0
2620 -12.0
2621 -8.0
2622 -1.0
2623 -15.0
2624 4.0
2625 -5.0
2626 -9.0
2627 -9.0
2628 1.0
2629 -5.0
2630 -9.0
2631 -11.0
2632 -1.0
2633 6.0
2634 -3.0
2635 -5.0
2636 -5.0
2637 -4.0
2638 -8.0
2639 -7.0
2640 -4.0
2641 -11.0
2642 6.0
2643 -7.0
2644 -8.0
2645 -9.0
2646 -14.0
2647 3.0
2648 -6.0
2649 -18.0
2650 -6.0
2651 -10.0
2652 -5.0
2653 -8.0
2654 -6.0
2655 -12.0
2656 2.0
2657 -4.0
2658 -12.0
2659 -10.0
2660 1.0
2661 -8.0
2662 -10.0
2663 -5.0
2664 -11.0
2665 -4.0
2666 -2.0
2667 -15.0
2668 -10.0
2669 3.0
2670 -10.0
2671 -11.0
2672 -10.0
2673 -11.0
2674 -11.0
2675 -15.0
2676 -13.0
2677 -8.0
2678 -3.0
2679 -10.0
2680 -14.0
2681 5.0
2682 -10.0
2683 -7.0
2684 -9.0
2685 -3.0
2686 -10.0
2687 -8.0
2688 -9.0
2689 2.0
2690 -13.0
2691 -11.0
2692 -11.0
2693 -13.0
2694 3.0
2695 -1.0
2696 -6.0
2697 1.0
2698 -12.0
2699 -9.0
2700 7.0
2701 -14.0
2702 -11.0
2703 -17.0
2704 -8.0
2705 -7.0
2706 -7.0
2707 -10.0
2708 -10.0
2709 -7.0
2710 -14.0
2711 -5.0
2712 -7.0
2713 -1.0
2714 -9.0
2715 -5.0
2716 -1.0
2717 -6.0
2718 -4.0
2719 -7.0
2720 -9.0
2721 -3.0
2722 -12.0
2723 -9.0
2724 -5.0
2725 -14.0
2726 -14.0
2727 -5.0
2728 -6.0
2729 -6.0
2730 8.0
2731 -4.0
2732 -7.0
2733 -4.0
2734 -6.0
2735 2.0
2736 -13.0
2737 -3.0
2738 -5.0
2739 -7.0
2740 -10.0
2741 -7.0
2742 -12.0
2743 -11.0
2744 -11.0
2745 7.0
2746 -6.0
2747 8.0
2748 -10.0
2749 -13.0
2750 -13.0
2751 4.0
2752 -5.0
2753 -9.0
2754 -6.0
2755 -11.0
2756 -7.0
2757 -13.0
2758 -10.0
2759 -3.0
2760 -12.0
2761 -9.0
2762 5.0
2763 -13.0
2764 -1.0
2765 -8.0
2766 -7.0
2767 -9.0
2768 -7.0
2769 -7.0
2770 -3.0
2771 -9.0
2772 7.0
2773 -5.0
2774 -1.0
2775 1.0
2776 -8.0
2777 -17.0
2778 10.0
2779 -8.0
2780 8.0
2781 2.0
2782 -11.0
2783 -7.0
2784 5.0
2785 -4.0
2786 -5.0
2787 1.0
2788 -11.0
2789 -1.0
2790 -15.0
2791 -13.0
2792 -15.0
2793 -11.0
2794 -5.0
2795 9.0
2796 -15.0
2797 -11.0
2798 4.0
2799 -10.0
2800 -7.0
2801 -6.0
2802 6.0
2803 1.0
2804 2.0
2805 7.0
2806 -4.0
2807 -3.0
2808 -3.0
2809 -6.0
2810 3.0
2811 -6.0
2812 -3.0
2813 6.0
2814 -9.0
2815 -11.0
2816 8.0
2817 -15.0
2818 -15.0
2819 -5.0
2820 -1.0
2821 -1.0
2822 -7.0
2823 -4.0
2824 -10.0
2825 -10.0
2826 -14.0
2827 -8.0
2828 -4.0
2829 1.0
2830 3.0
2831 -7.0
2832 -8.0
2833 1.0
2834 -9.0
2835 -5.0
2836 -10.0
2837 -1.0
2838 6.0
2839 -7.0
2840 -11.0
2841 -2.0
2842 -3.0
2843 -4.0
2844 -5.0
2845 -12.0
2846 -7.0
2847 -7.0
2848 -6.0
2849 -14.0
2850 3.0
2851 -2.0
2852 4.0
2853 -5.0
2854 -1.0
2855 2.0
2856 -11.0
2857 -7.0
2858 -7.0
2859 -10.0
2860 -7.0
2861 -9.0
2862 3.0
2863 -2.0
2864 -10.0
2865 -7.0
2866 -7.0
2867 -11.0
2868 -2.0
2869 -7.0
2870 11.0
2871 -10.0
2872 -8.0
2873 -10.0
2874 -13.0
2875 -6.0
2876 -4.0
2877 -9.0
2878 -13.0
2879 12.0
2880 -5.0
2881 -4.0
2882 -5.0
2883 -5.0
2884 5.0
2885 -3.0
2886 -3.0
2887 -16.0
2888 -10.0
2889 -6.0
2890 4.0
2891 4.0
2892 -3.0
2893 -14.0
2894 -13.0
2895 1.0
2896 -10.0
2897 3.0
2898 -13.0
2899 -13.0
2900 -5.0
2901 -1.0
2902 -8.0
2903 4.0
2904 -7.0
2905 -4.0
2906 -10.0
2907 -7.0
2908 -9.0
2909 -10.0
2910 -7.0
2911 -3.0
2912 -5.0
2913 -9.0
2914 -9.0
2915 -7.0
2916 -9.0
2917 -10.0
2918 -4.0
2919 -11.0
2920 -11.0
2921 -3.0
2922 -11.0
2923 -5.0
2924 -5.0
2925 -3.0
2926 -11.0
2927 6.0
2928 -4.0
2929 -3.0
2930 3.0
2931 -2.0
2932 -9.0
2933 -7.0
2934 -13.0
2935 -6.0
2936 -1.0
2937 -3.0
2938 -7.0
2939 -5.0
2940 -1.0
2941 -7.0
2942 -10.0
2943 -9.0
2944 -7.0
2945 -9.0
2946 -9.0
2947 -9.0
2948 -13.0
2949 -5.0
2950 1.0
2951 -7.0
2952 -1.0
2953 -1.0
2954 1.0
2955 -3.0
2956 3.0
2957 -7.0
2958 -4.0
2959 7.0
2960 -12.0
2961 -5.0
2962 -10.0
2963 -3.0
2964 -5.0
2965 -10.0
2966 -12.0
2967 -5.0
2968 -7.0
2969 -9.0
2970 -1.0
2971 -3.0
2972 -8.0
2973 -11.0
2974 -13.0
2975 6.0
2976 -5.0
2977 -5.0
2978 -12.0
2979 2.0
2980 -1.0
2981 -3.0
2982 -4.0
2983 -4.0
2984 -3.0
2985 3.0
2986 -7.0
2987 -14.0
2988 -2.0
2989 -3.0
2990 -15.0
2991 -12.0
2992 -13.0
2993 -5.0
2994 -1.0
2995 2.0
2996 -5.0
2997 -7.0
2998 -9.0
2999 -11.0
3000 -6.0
3001 -4.0
3002 -10.0
3003 -15.0
3004 -9.0
3005 4.0
3006 -7.0
3007 -1.0
3008 -3.0
3009 -4.0
3010 -8.0
3011 -9.0
3012 -13.0
3013 -3.0
3014 -7.0
3015 -11.0
3016 -4.0
3017 -8.0
3018 -12.0
3019 -14.0
3020 -7.0
3021 -12.0
3022 2.0
3023 -7.0
3024 3.0
3025 4.0
3026 -11.0
3027 -9.0
3028 -14.0
3029 -2.0
3030 -6.0
3031 -7.0
3032 -9.0
3033 -1.0
3034 -4.0
3035 -13.0
3036 -3.0
3037 -12.0
3038 -13.0
3039 -11.0
3040 -13.0
3041 -13.0
3042 -5.0
3043 -7.0
3044 6.0
3045 -13.0
3046 -7.0
3047 -2.0
3048 -1.0
3049 -5.0
3050 -8.0
3051 1.0
3052 -11.0
3053 -10.0
3054 -8.0
3055 -3.0
3056 2.0
3057 -10.0
3058 -12.0
3059 -15.0
3060 -5.0
3061 -5.0
3062 4.0
3063 -14.0
3064 -10.0
3065 3.0
3066 -9.0
3067 -14.0
3068 2.0
3069 -6.0
3070 -3.0
3071 -12.0
3072 -4.0
3073 -7.0
3074 -4.0
3075 -11.0
3076 -12.0
3077 -5.0
3078 3.0
3079 -12.0
3080 -12.0
3081 -2.0
3082 -17.0
3083 -9.0
3084 -6.0
3085 -10.0
3086 -2.0
3087 -5.0
3088 -12.0
3089 -12.0
3090 -6.0
3091 4.0
3092 -2.0
3093 -3.0
3094 -8.0
3095 -3.0
3096 -11.0
3097 -5.0
3098 -1.0
3099 -3.0
3100 -13.0
3101 -11.0
3102 -5.0
3103 -14.0
3104 -8.0
3105 -3.0
3106 -10.0
3107 -6.0
3108 -8.0
3109 1.0
3110 -1.0
3111 -5.0
3112 -13.0
3113 -16.0
3114 -2.0
3115 -11.0
3116 -3.0
3117 -6.0
3118 -6.0
3119 -10.0
3120 -10.0
3121 -3.0
3122 -2.0
3123 -4.0
3124 -9.0
3125 7.0
3126 9.0
3127 1.0
3128 3.0
3129 -4.0
3130 3.0
3131 -11.0
3132 2.0
3133 -3.0
3134 2.0
3135 -9.0
3136 -3.0
3137 -8.0
3138 -11.0
3139 -3.0
3140 -1.0
3141 -9.0
3142 -12.0
3143 -12.0
3144 5.0
3145 -14.0
3146 10.0
3147 2.0
3148 -17.0
3149 -5.0
3150 -1.0
3151 -5.0
3152 4.0
3153 3.0
3154 2.0
3155 -4.0
3156 -6.0
3157 -9.0
3158 2.0
3159 -12.0
3160 -4.0
3161 -2.0
3162 8.0
3163 -13.0
3164 -13.0
3165 -5.0
3166 -5.0
3167 -5.0
3168 -9.0
3169 -1.0
3170 -8.0
3171 -1.0
3172 -11.0
3173 -3.0
3174 -4.0
3175 -13.0
3176 1.0
3177 -4.0
3178 -5.0
3179 -6.0
3180 4.0
3181 -8.0
3182 -1.0
3183 -5.0
3184 -12.0
3185 -8.0
3186 2.0
3187 -13.0
3188 -6.0
3189 -14.0
3190 -3.0
3191 -9.0
3192 -1.0
3193 -10.0
3194 -7.0
3195 -1.0
3196 -16.0
3197 1.0
3198 -2.0
3199 -4.0
3200 -9.0
3201 11.0
3202 -13.0
3203 6.0
3204 -12.0
3205 -9.0
3206 -5.0
3207 -3.0
3208 -5.0
3209 -2.0
3210 1.0
3211 6.0
3212 -5.0
3213 3.0
3214 2.0
3215 3.0
3216 -6.0
3217 -2.0
3218 -7.0
3219 -8.0
3220 4.0
3221 -6.0
3222 -5.0
3223 -13.0
3224 -5.0
3225 -1.0
3226 -14.0
3227 -3.0
3228 -10.0
3229 -2.0
3230 -6.0
3231 -7.0
3232 -15.0
3233 2.0
3234 -13.0
3235 -8.0
3236 -3.0
3237 -3.0
3238 -6.0
3239 -7.0
3240 -7.0
3241 -12.0
3242 2.0
3243 -4.0
3244 -6.0
3245 -1.0
3246 -7.0
3247 -5.0
3248 -2.0
3249 -4.0
3250 -11.0
3251 9.0
3252 -10.0
3253 -3.0
3254 2.0
3255 -6.0
3256 -6.0
3257 1.0
3258 -7.0
3259 1.0
3260 -3.0
3261 -7.0
3262 3.0
3263 -1.0
3264 -6.0
3265 3.0
3266 3.0
3267 -13.0
3268 4.0
3269 -13.0
3270 -1.0
3271 -1.0
3272 -6.0
3273 9.0
3274 -3.0
3275 4.0
3276 -1.0
3277 -5.0
3278 -3.0
3279 -2.0
3280 -9.0
3281 -4.0
3282 1.0
3283 -7.0
3284 -3.0
3285 2.0
3286 2.0
3287 -5.0
3288 1.0
3289 -4.0
3290 -4.0
3291 -11.0
3292 -11.0
3293 -8.0
3294 -7.0
3295 -3.0
3296 -7.0
3297 -9.0
3298 -9.0
3299 4.0
3300 -1.0
3301 -5.0
3302 -2.0
3303 -5.0
3304 2.0
3305 -7.0
3306 2.0
3307 -5.0
3308 -8.0
3309 -2.0
3310 -13.0
3311 -11.0
3312 -7.0
3313 6.0
3314 -9.0
3315 -15.0
3316 -5.0
3317 -16.0
3318 -10.0
3319 -13.0
3320 -11.0
3321 4.0
3322 1.0
3323 1.0
3324 -9.0
3325 5.0
3326 -3.0
3327 -10.0
3328 -1.0
3329 -10.0
3330 -7.0
3331 -3.0
3332 -11.0
3333 -3.0
3334 -8.0
3335 -5.0
3336 -7.0
3337 3.0
3338 -11.0
3339 6.0
3340 -1.0
3341 -7.0
3342 1.0
3343 -5.0
3344 -8.0
3345 -3.0
3346 -13.0
3347 1.0
3348 1.0
3349 -8.0
3350 -4.0
3351 -8.0
3352 -2.0
3353 -3.0
3354 2.0
3355 -7.0
3356 -2.0
3357 -1.0
3358 -11.0
3359 -10.0
3360 4.0
3361 -5.0
3362 -1.0
3363 -9.0
3364 4.0
3365 -3.0
3366 -7.0
3367 1.0
3368 -5.0
3369 1.0
3370 -5.0
3371 -5.0
3372 8.0
3373 -15.0
3374 -7.0
3375 -3.0
3376 -9.0
3377 -6.0
3378 1.0
3379 -9.0
3380 10.0
3381 -2.0
3382 -9.0
3383 -2.0
3384 -12.0
3385 -12.0
3386 -9.0
3387 -6.0
3388 -2.0
3389 -3.0
3390 -8.0
3391 -5.0
3392 -1.0
3393 -5.0
3394 -1.0
3395 -7.0
3396 -3.0
3397 -8.0
3398 6.0
3399 -14.0
3400 5.0
3401 -9.0
3402 -5.0
3403 1.0
3404 -1.0
3405 -3.0
3406 -3.0
3407 -9.0
3408 3.0
3409 -9.0
3410 -4.0
3411 -1.0
3412 9.0
3413 -7.0
3414 -10.0
3415 -6.0
3416 4.0
3417 -8.0
3418 -9.0
3419 -3.0
3420 5.0
3421 -16.0
3422 -10.0
3423 -2.0
3424 -1.0
3425 -15.0
3426 6.0
3427 -10.0
3428 -6.0
3429 -9.0
3430 -9.0
3431 1.0
3432 -8.0
3433 -3.0
3434 -10.0
3435 10.0
3436 -4.0
3437 5.0
3438 -4.0
3439 -17.0
3440 -10.0
3441 -1.0
3442 -1.0
3443 -8.0
3444 -7.0
3445 2.0
3446 -3.0
3447 -13.0
3448 -1.0
3449 10.0
3450 -5.0
3451 -10.0
3452 -6.0
3453 -1.0
3454 -14.0
3455 -10.0
3456 -1.0
3457 7.0
3458 9.0
3459 -10.0
3460 12.0
3461 -6.0
3462 -2.0
3463 -7.0
3464 -8.0
3465 -11.0
3466 -9.0
3467 -9.0
3468 -2.0
3469 4.0
3470 -5.0
3471 -9.0
3472 -1.0
3473 -13.0
3474 -7.0
3475 -12.0
3476 -3.0
3477 6.0
3478 -13.0
3479 1.0
3480 4.0
3481 -11.0
3482 3.0
3483 -7.0
3484 1.0
3485 -1.0
3486 -8.0
3487 -1.0
3488 2.0
3489 -9.0
3490 -8.0
3491 -6.0
3492 -2.0
3493 1.0
3494 1.0
3495 -6.0
3496 -1.0
3497 -14.0
3498 2.0
3499 -6.0
3500 -3.0
3501 1.0
3502 3.0
3503 -10.0
3504 -3.0
3505 -3.0
3506 3.0
3507 -11.0
3508 -5.0
3509 -2.0
3510 -15.0
3511 -3.0
3512 -4.0
3513 2.0
3514 -5.0
3515 3.0
3516 -2.0
3517 -4.0
3518 -1.0
3519 -7.0
3520 6.0
3521 4.0
3522 3.0
3523 -3.0
3524 -11.0
3525 -2.0
3526 -3.0
3527 -2.0
3528 -1.0
3529 -8.0
3530 1.0
3531 3.0
3532 4.0
3533 4.0
3534 -3.0
3535 1.0
3536 -5.0
3537 -9.0
3538 -7.0
3539 5.0
3540 -9.0
3541 -11.0
3542 -9.0
3543 -9.0
3544 4.0
3545 -5.0
3546 -11.0
3547 -1.0
3548 -9.0
3549 3.0
3550 -5.0
3551 -11.0
3552 -8.0
3553 -1.0
3554 -9.0
3555 3.0
3556 4.0
3557 7.0
3558 -5.0
3559 -8.0
3560 8.0
3561 -5.0
3562 2.0
3563 -8.0
3564 -14.0
3565 -9.0
3566 -4.0
3567 4.0
3568 -2.0
3569 -5.0
3570 -8.0
3571 -4.0
3572 2.0
3573 -5.0
3574 -5.0
3575 -5.0
3576 -9.0
3577 5.0
3578 -9.0
3579 3.0
3580 -10.0
3581 1.0
3582 -7.0
3583 -6.0
3584 -11.0
3585 2.0
3586 -3.0
3587 1.0
3588 -2.0
3589 -3.0
3590 -6.0
3591 -10.0
3592 -13.0
3593 8.0
3594 -7.0
3595 -6.0
3596 -7.0
3597 -5.0
3598 -1.0
3599 -2.0
3600 -8.0
3601 1.0
3602 -12.0